# OpenSignals Text File Format
# {"20:16:07:18:23:81": {"sensor": ["EMGBITREV", "ACCBITREV"], "device name": "20:16:07:18:23:81", "column": ["nSeq", "I1", "I2", "O1", "O2", "A1", "A5"], "sync interval": 2, "time": "12:11:44.69", "comments": "", "device connection": "/dev/tty.BITalino-DevB", "channels": [1, 5], "keywords": "", "mode": 0, "digital IO": [0, 0, 1, 1], "firmware version": 1281, "device": "bitalino_rev", "position": 0, "sampling rate": 100, "label": ["A1", "A5"], "resolution": [4, 1, 1, 1, 1, 10, 10], "date": "2018-2-19", "special": [{}, {}]}}
# EndOfHeader
0	0	0	0	0	489	563	
1	0	0	0	0	505	566	
2	0	0	0	0	523	572	
3	0	0	0	0	502	570	
4	0	0	0	0	514	568	
5	0	0	0	0	519	568	
6	0	0	0	0	511	572	
7	0	0	0	0	510	571	
8	0	0	0	0	505	572	
9	0	0	0	0	501	574	
10	0	0	0	0	499	577	
11	0	0	0	0	504	571	
12	0	0	0	0	510	571	
13	0	0	0	0	512	575	
14	0	0	0	0	513	578	
15	0	0	0	0	497	576	
0	0	0	0	0	493	576	
1	0	0	0	0	508	580	
2	0	0	0	0	514	579	
3	0	0	0	0	517	569	
4	0	0	0	0	507	567	
5	0	0	0	0	510	569	
6	0	0	0	0	504	570	
7	0	0	0	0	496	569	
8	0	0	0	0	512	570	
9	0	0	0	0	516	574	
10	0	0	0	0	506	573	
11	0	0	0	0	508	568	
12	0	0	0	0	504	564	
13	0	0	0	0	515	564	
14	0	0	0	0	513	567	
15	0	0	0	0	514	566	
0	0	0	0	0	514	570	
1	0	0	0	0	530	577	
2	0	0	0	0	502	578	
3	0	0	0	0	511	571	
4	0	0	0	0	491	570	
5	0	0	0	0	506	570	
6	0	0	0	0	504	572	
7	0	0	0	0	537	570	
8	0	0	0	0	507	568	
9	0	0	0	0	519	569	
10	0	0	0	0	513	571	
11	0	0	0	0	499	570	
12	0	0	0	0	531	572	
13	0	0	0	0	524	574	
14	0	0	0	0	528	575	
15	0	0	0	0	498	571	
0	0	0	0	0	520	569	
1	0	0	0	0	502	564	
2	0	0	0	0	511	567	
3	0	0	0	0	509	559	
4	0	0	0	0	510	563	
5	0	0	0	0	510	569	
6	0	0	0	0	517	572	
7	0	0	0	0	501	573	
8	0	0	0	0	515	570	
9	0	0	0	0	514	569	
10	0	0	0	0	515	571	
11	0	0	0	0	496	568	
12	0	0	0	0	506	563	
13	0	0	0	0	508	564	
14	0	0	0	0	506	567	
15	0	0	0	0	516	569	
0	0	0	0	0	511	572	
1	0	0	0	0	513	574	
2	0	0	0	0	543	575	
3	0	0	0	0	499	570	
4	0	0	0	0	499	571	
5	0	0	0	0	525	569	
6	0	0	0	0	525	573	
7	0	0	0	0	494	572	
8	0	0	0	0	508	569	
9	0	0	0	0	511	570	
10	0	0	0	0	520	573	
11	0	0	0	0	511	571	
12	0	0	0	0	518	572	
13	0	0	0	0	505	576	
14	0	0	0	0	500	582	
15	0	0	0	0	512	583	
0	0	0	0	0	518	587	
1	0	0	0	0	496	592	
2	0	0	0	0	532	600	
3	0	0	0	0	491	596	
4	0	0	0	0	566	583	
5	0	0	0	0	501	588	
6	0	0	0	0	480	601	
7	0	0	0	0	542	628	
8	0	0	0	0	531	652	
9	0	0	0	0	491	666	
10	0	0	0	0	518	687	
11	0	0	0	0	497	708	
12	0	0	0	0	447	746	
13	0	0	0	0	550	794	
14	0	0	0	0	482	822	
15	0	0	0	0	508	797	
0	0	0	0	0	429	738	
1	0	0	0	0	493	701	
2	0	0	0	0	554	704	
3	0	0	0	0	508	716	
4	0	0	0	0	489	727	
5	0	0	0	0	520	732	
6	0	0	0	0	512	723	
7	0	0	0	0	487	705	
8	0	0	0	0	595	691	
9	0	0	0	0	517	713	
10	0	0	0	0	408	701	
11	0	0	0	0	664	658	
12	0	0	0	0	373	633	
13	0	0	0	0	650	620	
14	0	0	0	0	505	628	
15	0	0	0	0	498	612	
0	0	0	0	0	497	580	
1	0	0	0	0	511	511	
2	0	0	0	0	486	464	
3	0	0	0	0	393	410	
4	0	0	0	0	495	372	
5	0	0	0	0	592	390	
6	0	0	0	0	543	344	
7	0	0	0	0	583	267	
8	0	0	0	0	577	231	
9	0	0	0	0	559	243	
10	0	0	0	0	409	311	
11	0	0	0	0	444	396	
12	0	0	0	0	479	488	
13	0	0	0	0	554	589	
14	0	0	0	0	582	660	
15	0	0	0	0	529	704	
0	0	0	0	0	499	714	
1	0	0	0	0	436	676	
2	0	0	0	0	541	627	
3	0	0	0	0	545	597	
4	0	0	0	0	408	563	
5	0	0	0	0	529	553	
6	0	0	0	0	520	576	
7	0	0	0	0	511	591	
8	0	0	0	0	539	595	
9	0	0	0	0	521	611	
10	0	0	0	0	486	632	
11	0	0	0	0	498	644	
12	0	0	0	0	501	650	
13	0	0	0	0	496	643	
14	0	0	0	0	534	646	
15	0	0	0	0	519	642	
0	0	0	0	0	500	632	
1	0	0	0	0	520	618	
2	0	0	0	0	501	599	
3	0	0	0	0	496	589	
4	0	0	0	0	521	593	
5	0	0	0	0	513	602	
6	0	0	0	0	510	609	
7	0	0	0	0	499	614	
8	0	0	0	0	499	625	
9	0	0	0	0	500	632	
10	0	0	0	0	512	635	
11	0	0	0	0	504	628	
12	0	0	0	0	511	624	
13	0	0	0	0	508	614	
14	0	0	0	0	506	611	
15	0	0	0	0	510	592	
0	0	0	0	0	509	582	
1	0	0	0	0	511	590	
2	0	0	0	0	500	594	
3	0	0	0	0	511	600	
4	0	0	0	0	519	619	
5	0	0	0	0	512	635	
6	0	0	0	0	509	633	
7	0	0	0	0	507	628	
8	0	0	0	0	516	623	
9	0	0	0	0	502	610	
10	0	0	0	0	513	615	
11	0	0	0	0	486	618	
12	0	0	0	0	518	626	
13	0	0	0	0	507	636	
14	0	0	0	0	523	634	
15	0	0	0	0	513	627	
0	0	0	0	0	521	624	
1	0	0	0	0	506	624	
2	0	0	0	0	510	624	
3	0	0	0	0	507	620	
4	0	0	0	0	500	622	
5	0	0	0	0	499	624	
6	0	0	0	0	510	625	
7	0	0	0	0	504	623	
8	0	0	0	0	510	620	
9	0	0	0	0	518	617	
10	0	0	0	0	517	616	
11	0	0	0	0	515	616	
12	0	0	0	0	512	615	
13	0	0	0	0	514	611	
14	0	0	0	0	512	612	
15	0	0	0	0	498	620	
0	0	0	0	0	505	624	
1	0	0	0	0	507	623	
2	0	0	0	0	512	622	
3	0	0	0	0	504	617	
4	0	0	0	0	510	618	
5	0	0	0	0	506	619	
6	0	0	0	0	510	619	
7	0	0	0	0	519	618	
8	0	0	0	0	507	615	
9	0	0	0	0	505	612	
10	0	0	0	0	510	617	
11	0	0	0	0	510	615	
12	0	0	0	0	515	611	
13	0	0	0	0	508	610	
14	0	0	0	0	506	612	
15	0	0	0	0	505	609	
0	0	0	0	0	507	612	
1	0	0	0	0	510	611	
2	0	0	0	0	506	608	
3	0	0	0	0	504	603	
4	0	0	0	0	508	597	
5	0	0	0	0	505	595	
6	0	0	0	0	511	588	
7	0	0	0	0	510	584	
8	0	0	0	0	511	584	
9	0	0	0	0	511	580	
10	0	0	0	0	508	578	
11	0	0	0	0	510	569	
12	0	0	0	0	509	560	
13	0	0	0	0	509	545	
14	0	0	0	0	519	534	
15	0	0	0	0	510	534	
0	0	0	0	0	518	530	
1	0	0	0	0	509	545	
2	0	0	0	0	512	572	
3	0	0	0	0	516	601	
4	0	0	0	0	508	616	
5	0	0	0	0	498	617	
6	0	0	0	0	505	625	
7	0	0	0	0	510	620	
8	0	0	0	0	502	607	
9	0	0	0	0	510	603	
10	0	0	0	0	519	616	
11	0	0	0	0	514	638	
12	0	0	0	0	505	656	
13	0	0	0	0	510	663	
14	0	0	0	0	513	665	
15	0	0	0	0	510	659	
0	0	0	0	0	513	640	
1	0	0	0	0	513	626	
2	0	0	0	0	513	607	
3	0	0	0	0	474	588	
4	0	0	0	0	494	596	
5	0	0	0	0	507	617	
6	0	0	0	0	503	649	
7	0	0	0	0	513	672	
8	0	0	0	0	518	686	
9	0	0	0	0	514	679	
10	0	0	0	0	513	656	
11	0	0	0	0	508	633	
12	0	0	0	0	507	615	
13	0	0	0	0	511	605	
14	0	0	0	0	514	603	
15	0	0	0	0	510	595	
0	0	0	0	0	513	595	
1	0	0	0	0	516	601	
2	0	0	0	0	508	608	
3	0	0	0	0	506	613	
4	0	0	0	0	505	616	
5	0	0	0	0	509	617	
6	0	0	0	0	504	620	
7	0	0	0	0	511	616	
8	0	0	0	0	500	614	
9	0	0	0	0	520	616	
10	0	0	0	0	512	622	
11	0	0	0	0	527	624	
12	0	0	0	0	522	622	
13	0	0	0	0	531	622	
14	0	0	0	0	489	626	
15	0	0	0	0	515	632	
0	0	0	0	0	499	647	
1	0	0	0	0	519	665	
2	0	0	0	0	531	671	
3	0	0	0	0	538	661	
4	0	0	0	0	510	640	
5	0	0	0	0	530	620	
6	0	0	0	0	500	606	
7	0	0	0	0	518	582	
8	0	0	0	0	515	568	
9	0	0	0	0	514	572	
10	0	0	0	0	526	578	
11	0	0	0	0	523	589	
12	0	0	0	0	502	603	
13	0	0	0	0	537	609	
14	0	0	0	0	498	620	
15	0	0	0	0	495	625	
0	0	0	0	0	516	619	
1	0	0	0	0	506	620	
2	0	0	0	0	518	624	
3	0	0	0	0	511	612	
4	0	0	0	0	512	613	
5	0	0	0	0	510	616	
6	0	0	0	0	515	612	
7	0	0	0	0	503	601	
8	0	0	0	0	500	599	
9	0	0	0	0	515	600	
10	0	0	0	0	496	599	
11	0	0	0	0	510	598	
12	0	0	0	0	515	588	
13	0	0	0	0	500	587	
14	0	0	0	0	508	579	
15	0	0	0	0	500	568	
0	0	0	0	0	513	569	
1	0	0	0	0	500	574	
2	0	0	0	0	508	578	
3	0	0	0	0	504	583	
4	0	0	0	0	510	586	
5	0	0	0	0	505	590	
6	0	0	0	0	494	591	
7	0	0	0	0	507	589	
8	0	0	0	0	517	588	
9	0	0	0	0	493	582	
10	0	0	0	0	511	577	
11	0	0	0	0	514	572	
12	0	0	0	0	503	571	
13	0	0	0	0	509	567	
14	0	0	0	0	515	583	
15	0	0	0	0	511	592	
0	0	0	0	0	511	597	
1	0	0	0	0	525	597	
2	0	0	0	0	493	591	
3	0	0	0	0	510	583	
4	0	0	0	0	507	568	
5	0	0	0	0	509	560	
6	0	0	0	0	510	563	
7	0	0	0	0	509	562	
8	0	0	0	0	509	576	
9	0	0	0	0	506	599	
10	0	0	0	0	507	606	
11	0	0	0	0	502	604	
12	0	0	0	0	511	594	
13	0	0	0	0	527	585	
14	0	0	0	0	504	576	
15	0	0	0	0	508	574	
0	0	0	0	0	516	585	
1	0	0	0	0	516	594	
2	0	0	0	0	515	607	
3	0	0	0	0	512	619	
4	0	0	0	0	502	619	
5	0	0	0	0	534	619	
6	0	0	0	0	503	635	
7	0	0	0	0	517	645	
8	0	0	0	0	546	671	
9	0	0	0	0	496	711	
10	0	0	0	0	523	739	
11	0	0	0	0	496	736	
12	0	0	0	0	523	706	
13	0	0	0	0	523	708	
14	0	0	0	0	461	729	
15	0	0	0	0	600	770	
0	0	0	0	0	548	811	
1	0	0	0	0	415	835	
2	0	0	0	0	499	828	
3	0	0	0	0	565	830	
4	0	0	0	0	491	842	
5	0	0	0	0	633	830	
6	0	0	0	0	510	815	
7	0	0	0	0	499	795	
8	0	0	0	0	494	773	
9	0	0	0	0	499	680	
10	0	0	0	0	520	693	
11	0	0	0	0	511	607	
12	0	0	0	0	495	533	
13	0	0	0	0	521	504	
14	0	0	0	0	548	446	
15	0	0	0	0	410	380	
0	0	0	0	0	555	329	
1	0	0	0	0	455	302	
2	0	0	0	0	525	315	
3	0	0	0	0	553	336	
4	0	0	0	0	628	351	
5	0	0	0	0	513	432	
6	0	0	0	0	493	496	
7	0	0	0	0	559	566	
8	0	0	0	0	510	605	
9	0	0	0	0	497	627	
10	0	0	0	0	511	615	
11	0	0	0	0	493	591	
12	0	0	0	0	460	582	
13	0	0	0	0	524	565	
14	0	0	0	0	512	562	
15	0	0	0	0	520	559	
0	0	0	0	0	517	578	
1	0	0	0	0	556	601	
2	0	0	0	0	520	622	
3	0	0	0	0	505	643	
4	0	0	0	0	475	654	
5	0	0	0	0	499	665	
6	0	0	0	0	482	653	
7	0	0	0	0	513	624	
8	0	0	0	0	456	607	
9	0	0	0	0	476	584	
10	0	0	0	0	563	594	
11	0	0	0	0	515	592	
12	0	0	0	0	539	582	
13	0	0	0	0	556	586	
14	0	0	0	0	542	599	
15	0	0	0	0	546	611	
0	0	0	0	0	518	606	
1	0	0	0	0	511	605	
2	0	0	0	0	481	609	
3	0	0	0	0	505	612	
4	0	0	0	0	490	611	
5	0	0	0	0	499	612	
6	0	0	0	0	482	609	
7	0	0	0	0	463	598	
8	0	0	0	0	460	598	
9	0	0	0	0	552	601	
10	0	0	0	0	554	604	
11	0	0	0	0	549	609	
12	0	0	0	0	514	608	
13	0	0	0	0	516	607	
14	0	0	0	0	513	605	
15	0	0	0	0	510	602	
0	0	0	0	0	506	617	
1	0	0	0	0	499	620	
2	0	0	0	0	507	617	
3	0	0	0	0	508	615	
4	0	0	0	0	519	622	
5	0	0	0	0	519	633	
6	0	0	0	0	511	637	
7	0	0	0	0	494	616	
8	0	0	0	0	504	606	
9	0	0	0	0	492	610	
10	0	0	0	0	518	618	
11	0	0	0	0	520	625	
12	0	0	0	0	516	634	
13	0	0	0	0	515	632	
14	0	0	0	0	494	625	
15	0	0	0	0	515	620	
0	0	0	0	0	512	615	
1	0	0	0	0	514	613	
2	0	0	0	0	504	608	
3	0	0	0	0	510	611	
4	0	0	0	0	511	615	
5	0	0	0	0	511	615	
6	0	0	0	0	510	614	
7	0	0	0	0	515	609	
8	0	0	0	0	528	604	
9	0	0	0	0	496	602	
10	0	0	0	0	510	604	
11	0	0	0	0	522	617	
12	0	0	0	0	515	626	
13	0	0	0	0	513	627	
14	0	0	0	0	506	624	
15	0	0	0	0	508	621	
0	0	0	0	0	512	619	
1	0	0	0	0	511	613	
2	0	0	0	0	513	613	
3	0	0	0	0	512	607	
4	0	0	0	0	510	606	
5	0	0	0	0	514	606	
6	0	0	0	0	512	609	
7	0	0	0	0	508	606	
8	0	0	0	0	507	614	
9	0	0	0	0	512	616	
10	0	0	0	0	514	620	
11	0	0	0	0	515	620	
12	0	0	0	0	510	617	
13	0	0	0	0	512	620	
14	0	0	0	0	509	624	
15	0	0	0	0	511	616	
0	0	0	0	0	509	609	
1	0	0	0	0	508	600	
2	0	0	0	0	508	585	
3	0	0	0	0	504	558	
4	0	0	0	0	512	549	
5	0	0	0	0	504	563	
6	0	0	0	0	510	586	
7	0	0	0	0	515	608	
8	0	0	0	0	513	617	
9	0	0	0	0	511	620	
10	0	0	0	0	505	609	
11	0	0	0	0	515	610	
12	0	0	0	0	515	605	
13	0	0	0	0	513	586	
14	0	0	0	0	507	548	
15	0	0	0	0	506	526	
0	0	0	0	0	509	535	
1	0	0	0	0	513	568	
2	0	0	0	0	522	607	
3	0	0	0	0	521	645	
4	0	0	0	0	518	656	
5	0	0	0	0	514	648	
6	0	0	0	0	510	622	
7	0	0	0	0	496	580	
8	0	0	0	0	497	560	
9	0	0	0	0	511	572	
10	0	0	0	0	520	608	
11	0	0	0	0	521	650	
12	0	0	0	0	526	678	
13	0	0	0	0	518	686	
14	0	0	0	0	513	665	
15	0	0	0	0	496	635	
0	0	0	0	0	485	622	
1	0	0	0	0	510	630	
2	0	0	0	0	521	644	
3	0	0	0	0	510	647	
4	0	0	0	0	507	648	
5	0	0	0	0	513	642	
6	0	0	0	0	511	642	
7	0	0	0	0	506	636	
8	0	0	0	0	508	631	
9	0	0	0	0	507	625	
10	0	0	0	0	508	618	
11	0	0	0	0	515	609	
12	0	0	0	0	508	608	
13	0	0	0	0	513	608	
14	0	0	0	0	517	617	
15	0	0	0	0	522	620	
0	0	0	0	0	517	619	
1	0	0	0	0	514	616	
2	0	0	0	0	511	619	
3	0	0	0	0	503	614	
4	0	0	0	0	502	607	
5	0	0	0	0	507	598	
6	0	0	0	0	501	594	
7	0	0	0	0	511	592	
8	0	0	0	0	512	598	
9	0	0	0	0	502	604	
10	0	0	0	0	519	616	
11	0	0	0	0	515	623	
12	0	0	0	0	499	625	
13	0	0	0	0	539	633	
14	0	0	0	0	501	633	
15	0	0	0	0	512	622	
0	0	0	0	0	536	622	
1	0	0	0	0	516	608	
2	0	0	0	0	493	591	
3	0	0	0	0	501	559	
4	0	0	0	0	510	537	
5	0	0	0	0	491	541	
6	0	0	0	0	525	558	
7	0	0	0	0	540	581	
8	0	0	0	0	490	610	
9	0	0	0	0	498	630	
10	0	0	0	0	517	652	
11	0	0	0	0	531	660	
12	0	0	0	0	494	674	
13	0	0	0	0	513	688	
14	0	0	0	0	539	681	
15	0	0	0	0	550	638	
0	0	0	0	0	463	609	
1	0	0	0	0	531	573	
2	0	0	0	0	517	542	
3	0	0	0	0	504	535	
4	0	0	0	0	518	560	
5	0	0	0	0	545	594	
6	0	0	0	0	480	608	
7	0	0	0	0	543	615	
8	0	0	0	0	507	614	
9	0	0	0	0	528	615	
10	0	0	0	0	535	606	
11	0	0	0	0	524	604	
12	0	0	0	0	497	602	
13	0	0	0	0	513	587	
14	0	0	0	0	493	584	
15	0	0	0	0	516	580	
0	0	0	0	0	479	570	
1	0	0	0	0	487	570	
2	0	0	0	0	519	583	
3	0	0	0	0	527	587	
4	0	0	0	0	509	589	
5	0	0	0	0	510	593	
6	0	0	0	0	516	593	
7	0	0	0	0	512	592	
8	0	0	0	0	515	594	
9	0	0	0	0	520	585	
10	0	0	0	0	492	571	
11	0	0	0	0	505	554	
12	0	0	0	0	497	546	
13	0	0	0	0	522	553	
14	0	0	0	0	504	572	
15	0	0	0	0	516	578	
0	0	0	0	0	524	587	
1	0	0	0	0	511	592	
2	0	0	0	0	526	601	
3	0	0	0	0	487	599	
4	0	0	0	0	523	593	
5	0	0	0	0	515	600	
6	0	0	0	0	526	603	
7	0	0	0	0	496	606	
8	0	0	0	0	572	613	
9	0	0	0	0	455	616	
10	0	0	0	0	543	642	
11	0	0	0	0	525	678	
12	0	0	0	0	503	694	
13	0	0	0	0	465	690	
14	0	0	0	0	567	653	
15	0	0	0	0	500	623	
0	0	0	0	0	522	659	
1	0	0	0	0	372	744	
2	0	0	0	0	631	844	
3	0	0	0	0	485	871	
4	0	0	0	0	563	843	
5	0	0	0	0	624	744	
6	0	0	0	0	454	665	
7	0	0	0	0	561	656	
8	0	0	0	0	375	707	
9	0	0	0	0	503	747	
10	0	0	0	0	545	753	
11	0	0	0	0	419	643	
12	0	0	0	0	477	504	
13	0	0	0	0	311	496	
14	0	0	0	0	420	462	
15	0	0	0	0	669	469	
0	0	0	0	0	576	443	
1	0	0	0	0	541	483	
2	0	0	0	0	520	547	
3	0	0	0	0	504	518	
4	0	0	0	0	387	509	
5	0	0	0	0	391	561	
6	0	0	0	0	558	634	
7	0	0	0	0	510	704	
8	0	0	0	0	590	731	
9	0	0	0	0	316	731	
10	0	0	0	0	707	739	
11	0	0	0	0	528	742	
12	0	0	0	0	455	697	
13	0	0	0	0	545	695	
14	0	0	0	0	608	671	
15	0	0	0	0	421	611	
0	0	0	0	0	441	507	
1	0	0	0	0	590	528	
2	0	0	0	0	465	500	
3	0	0	0	0	538	433	
4	0	0	0	0	534	389	
5	0	0	0	0	425	364	
6	0	0	0	0	434	351	
7	0	0	0	0	506	407	
8	0	0	0	0	482	442	
9	0	0	0	0	608	508	
10	0	0	0	0	583	579	
11	0	0	0	0	537	616	
12	0	0	0	0	486	617	
13	0	0	0	0	528	608	
14	0	0	0	0	574	591	
15	0	0	0	0	483	541	
0	0	0	0	0	433	544	
1	0	0	0	0	499	548	
2	0	0	0	0	482	555	
3	0	0	0	0	483	549	
4	0	0	0	0	524	546	
5	0	0	0	0	523	555	
6	0	0	0	0	482	575	
7	0	0	0	0	452	581	
8	0	0	0	0	536	593	
9	0	0	0	0	543	615	
10	0	0	0	0	574	641	
11	0	0	0	0	543	659	
12	0	0	0	0	527	663	
13	0	0	0	0	506	666	
14	0	0	0	0	511	652	
15	0	0	0	0	517	623	
0	0	0	0	0	514	602	
1	0	0	0	0	502	594	
2	0	0	0	0	486	605	
3	0	0	0	0	499	617	
4	0	0	0	0	520	626	
5	0	0	0	0	512	634	
6	0	0	0	0	506	634	
7	0	0	0	0	494	617	
8	0	0	0	0	481	613	
9	0	0	0	0	485	608	
10	0	0	0	0	543	607	
11	0	0	0	0	539	603	
12	0	0	0	0	508	607	
13	0	0	0	0	523	613	
14	0	0	0	0	527	620	
15	0	0	0	0	515	613	
0	0	0	0	0	505	611	
1	0	0	0	0	508	604	
2	0	0	0	0	512	598	
3	0	0	0	0	511	592	
4	0	0	0	0	511	592	
5	0	0	0	0	509	597	
6	0	0	0	0	514	600	
7	0	0	0	0	513	600	
8	0	0	0	0	508	598	
9	0	0	0	0	509	600	
10	0	0	0	0	516	599	
11	0	0	0	0	508	594	
12	0	0	0	0	510	594	
13	0	0	0	0	504	599	
14	0	0	0	0	508	596	
15	0	0	0	0	512	595	
0	0	0	0	0	510	595	
1	0	0	0	0	513	586	
2	0	0	0	0	509	584	
3	0	0	0	0	513	579	
4	0	0	0	0	511	583	
5	0	0	0	0	513	598	
6	0	0	0	0	517	605	
7	0	0	0	0	510	606	
8	0	0	0	0	511	594	
9	0	0	0	0	511	591	
10	0	0	0	0	512	609	
11	0	0	0	0	511	614	
12	0	0	0	0	514	614	
13	0	0	0	0	511	611	
14	0	0	0	0	502	604	
15	0	0	0	0	502	589	
0	0	0	0	0	505	600	
1	0	0	0	0	506	606	
2	0	0	0	0	514	615	
3	0	0	0	0	513	615	
4	0	0	0	0	518	619	
5	0	0	0	0	511	623	
6	0	0	0	0	505	622	
7	0	0	0	0	510	620	
8	0	0	0	0	514	627	
9	0	0	0	0	513	630	
10	0	0	0	0	513	635	
11	0	0	0	0	512	641	
12	0	0	0	0	510	636	
13	0	0	0	0	508	628	
14	0	0	0	0	509	615	
15	0	0	0	0	505	595	
0	0	0	0	0	508	580	
1	0	0	0	0	499	588	
2	0	0	0	0	510	604	
3	0	0	0	0	514	621	
4	0	0	0	0	515	630	
5	0	0	0	0	518	636	
6	0	0	0	0	517	636	
7	0	0	0	0	513	636	
8	0	0	0	0	510	624	
9	0	0	0	0	513	606	
10	0	0	0	0	508	599	
11	0	0	0	0	509	588	
12	0	0	0	0	507	583	
13	0	0	0	0	508	600	
14	0	0	0	0	514	614	
15	0	0	0	0	514	623	
0	0	0	0	0	513	626	
1	0	0	0	0	511	624	
2	0	0	0	0	505	620	
3	0	0	0	0	498	613	
4	0	0	0	0	505	604	
5	0	0	0	0	516	583	
6	0	0	0	0	508	567	
7	0	0	0	0	493	566	
8	0	0	0	0	502	581	
9	0	0	0	0	521	603	
10	0	0	0	0	532	622	
11	0	0	0	0	563	629	
12	0	0	0	0	522	634	
13	0	0	0	0	532	639	
14	0	0	0	0	487	638	
15	0	0	0	0	518	634	
0	0	0	0	0	468	637	
1	0	0	0	0	509	636	
2	0	0	0	0	498	624	
3	0	0	0	0	489	615	
4	0	0	0	0	496	617	
5	0	0	0	0	492	631	
6	0	0	0	0	489	656	
7	0	0	0	0	532	664	
8	0	0	0	0	489	626	
9	0	0	0	0	493	585	
10	0	0	0	0	512	574	
11	0	0	0	0	524	581	
12	0	0	0	0	501	582	
13	0	0	0	0	536	584	
14	0	0	0	0	522	600	
15	0	0	0	0	504	608	
0	0	0	0	0	530	618	
1	0	0	0	0	517	642	
2	0	0	0	0	515	664	
3	0	0	0	0	509	662	
4	0	0	0	0	493	645	
5	0	0	0	0	530	614	
6	0	0	0	0	501	588	
7	0	0	0	0	487	571	
8	0	0	0	0	495	560	
9	0	0	0	0	511	556	
10	0	0	0	0	516	573	
11	0	0	0	0	507	586	
12	0	0	0	0	503	588	
13	0	0	0	0	558	593	
14	0	0	0	0	518	606	
15	0	0	0	0	508	613	
0	0	0	0	0	501	615	
1	0	0	0	0	515	611	
2	0	0	0	0	516	601	
3	0	0	0	0	502	584	
4	0	0	0	0	502	569	
5	0	0	0	0	517	558	
6	0	0	0	0	506	550	
7	0	0	0	0	508	539	
8	0	0	0	0	509	540	
9	0	0	0	0	520	561	
10	0	0	0	0	515	583	
11	0	0	0	0	516	592	
12	0	0	0	0	528	591	
13	0	0	0	0	495	590	
14	0	0	0	0	514	605	
15	0	0	0	0	522	617	
0	0	0	0	0	521	629	
1	0	0	0	0	494	616	
2	0	0	0	0	466	608	
3	0	0	0	0	584	634	
4	0	0	0	0	477	707	
5	0	0	0	0	488	781	
6	0	0	0	0	487	867	
7	0	0	0	0	473	873	
8	0	0	0	0	441	824	
9	0	0	0	0	567	768	
10	0	0	0	0	527	744	
11	0	0	0	0	483	768	
12	0	0	0	0	473	815	
13	0	0	0	0	463	862	
14	0	0	0	0	587	836	
15	0	0	0	0	441	798	
0	0	0	0	0	553	766	
1	0	0	0	0	403	769	
2	0	0	0	0	456	737	
3	0	0	0	0	526	630	
4	0	0	0	0	544	581	
5	0	0	0	0	460	495	
6	0	0	0	0	435	408	
7	0	0	0	0	608	337	
8	0	0	0	0	488	298	
9	0	0	0	0	570	280	
10	0	0	0	0	541	307	
11	0	0	0	0	535	359	
12	0	0	0	0	521	376	
13	0	0	0	0	505	424	
14	0	0	0	0	591	480	
15	0	0	0	0	465	536	
0	0	0	0	0	468	557	
1	0	0	0	0	483	561	
2	0	0	0	0	449	523	
3	0	0	0	0	464	518	
4	0	0	0	0	446	516	
5	0	0	0	0	506	526	
6	0	0	0	0	504	534	
7	0	0	0	0	711	537	
8	0	0	0	0	675	561	
9	0	0	0	0	544	615	
10	0	0	0	0	444	648	
11	0	0	0	0	427	638	
12	0	0	0	0	466	628	
13	0	0	0	0	491	625	
14	0	0	0	0	559	618	
15	0	0	0	0	512	623	
0	0	0	0	0	505	620	
1	0	0	0	0	480	599	
2	0	0	0	0	507	594	
3	0	0	0	0	529	609	
4	0	0	0	0	459	636	
5	0	0	0	0	464	642	
6	0	0	0	0	471	650	
7	0	0	0	0	533	646	
8	0	0	0	0	526	633	
9	0	0	0	0	568	617	
10	0	0	0	0	475	607	
11	0	0	0	0	540	599	
12	0	0	0	0	525	593	
13	0	0	0	0	485	586	
14	0	0	0	0	509	599	
15	0	0	0	0	527	611	
0	0	0	0	0	515	617	
1	0	0	0	0	524	628	
2	0	0	0	0	519	639	
3	0	0	0	0	494	632	
4	0	0	0	0	502	614	
5	0	0	0	0	522	610	
6	0	0	0	0	504	601	
7	0	0	0	0	499	599	
8	0	0	0	0	511	608	
9	0	0	0	0	521	614	
10	0	0	0	0	518	617	
11	0	0	0	0	525	615	
12	0	0	0	0	483	617	
13	0	0	0	0	521	623	
14	0	0	0	0	515	631	
15	0	0	0	0	509	626	
0	0	0	0	0	499	615	
1	0	0	0	0	497	611	
2	0	0	0	0	512	617	
3	0	0	0	0	506	617	
4	0	0	0	0	516	614	
5	0	0	0	0	519	615	
6	0	0	0	0	531	615	
7	0	0	0	0	503	611	
8	0	0	0	0	514	608	
9	0	0	0	0	526	615	
10	0	0	0	0	499	612	
11	0	0	0	0	495	610	
12	0	0	0	0	506	613	
13	0	0	0	0	507	615	
14	0	0	0	0	503	615	
15	0	0	0	0	513	608	
0	0	0	0	0	505	605	
1	0	0	0	0	519	604	
2	0	0	0	0	500	608	
3	0	0	0	0	509	609	
4	0	0	0	0	515	610	
5	0	0	0	0	511	611	
6	0	0	0	0	506	610	
7	0	0	0	0	518	611	
8	0	0	0	0	515	614	
9	0	0	0	0	511	612	
10	0	0	0	0	508	612	
11	0	0	0	0	521	607	
12	0	0	0	0	508	602	
13	0	0	0	0	504	603	
14	0	0	0	0	499	605	
15	0	0	0	0	511	612	
0	0	0	0	0	501	623	
1	0	0	0	0	503	632	
2	0	0	0	0	511	633	
3	0	0	0	0	518	628	
4	0	0	0	0	510	622	
5	0	0	0	0	512	618	
6	0	0	0	0	512	619	
7	0	0	0	0	516	619	
8	0	0	0	0	509	615	
9	0	0	0	0	514	617	
10	0	0	0	0	511	624	
11	0	0	0	0	514	621	
12	0	0	0	0	507	617	
13	0	0	0	0	506	619	
14	0	0	0	0	511	617	
15	0	0	0	0	507	612	
0	0	0	0	0	512	608	
1	0	0	0	0	507	603	
2	0	0	0	0	511	600	
3	0	0	0	0	511	598	
4	0	0	0	0	509	601	
5	0	0	0	0	508	603	
6	0	0	0	0	513	603	
7	0	0	0	0	512	599	
8	0	0	0	0	528	600	
9	0	0	0	0	546	596	
10	0	0	0	0	519	590	
11	0	0	0	0	520	584	
12	0	0	0	0	508	571	
13	0	0	0	0	504	575	
14	0	0	0	0	506	578	
15	0	0	0	0	516	580	
0	0	0	0	0	506	583	
1	0	0	0	0	506	591	
2	0	0	0	0	503	593	
3	0	0	0	0	494	598	
4	0	0	0	0	501	606	
5	0	0	0	0	508	612	
6	0	0	0	0	510	616	
7	0	0	0	0	512	614	
8	0	0	0	0	507	607	
9	0	0	0	0	504	591	
10	0	0	0	0	511	571	
11	0	0	0	0	511	570	
12	0	0	0	0	512	603	
13	0	0	0	0	509	639	
14	0	0	0	0	508	666	
15	0	0	0	0	511	678	
0	0	0	0	0	514	668	
1	0	0	0	0	508	653	
2	0	0	0	0	504	635	
3	0	0	0	0	502	615	
4	0	0	0	0	502	593	
5	0	0	0	0	512	585	
6	0	0	0	0	512	590	
7	0	0	0	0	513	599	
8	0	0	0	0	506	615	
9	0	0	0	0	495	640	
10	0	0	0	0	519	648	
11	0	0	0	0	522	652	
12	0	0	0	0	498	656	
13	0	0	0	0	511	655	
14	0	0	0	0	519	658	
15	0	0	0	0	499	646	
0	0	0	0	0	485	632	
1	0	0	0	0	505	623	
2	0	0	0	0	505	611	
3	0	0	0	0	507	617	
4	0	0	0	0	516	623	
5	0	0	0	0	537	629	
6	0	0	0	0	510	640	
7	0	0	0	0	513	640	
8	0	0	0	0	498	633	
9	0	0	0	0	497	617	
10	0	0	0	0	502	598	
11	0	0	0	0	510	587	
12	0	0	0	0	477	592	
13	0	0	0	0	511	594	
14	0	0	0	0	530	589	
15	0	0	0	0	503	578	
0	0	0	0	0	493	579	
1	0	0	0	0	510	581	
2	0	0	0	0	527	583	
3	0	0	0	0	548	583	
4	0	0	0	0	448	598	
5	0	0	0	0	494	604	
6	0	0	0	0	443	624	
7	0	0	0	0	430	638	
8	0	0	0	0	601	640	
9	0	0	0	0	549	641	
10	0	0	0	0	479	634	
11	0	0	0	0	453	611	
12	0	0	0	0	560	589	
13	0	0	0	0	498	586	
14	0	0	0	0	509	585	
15	0	0	0	0	518	593	
0	0	0	0	0	500	604	
1	0	0	0	0	515	603	
2	0	0	0	0	506	597	
3	0	0	0	0	502	591	
4	0	0	0	0	502	587	
5	0	0	0	0	531	579	
6	0	0	0	0	551	594	
7	0	0	0	0	513	610	
8	0	0	0	0	526	605	
9	0	0	0	0	512	593	
10	0	0	0	0	506	586	
11	0	0	0	0	518	576	
12	0	0	0	0	496	571	
13	0	0	0	0	500	563	
14	0	0	0	0	505	560	
15	0	0	0	0	562	568	
0	0	0	0	0	500	582	
1	0	0	0	0	520	583	
2	0	0	0	0	511	588	
3	0	0	0	0	527	596	
4	0	0	0	0	497	595	
5	0	0	0	0	502	593	
6	0	0	0	0	496	585	
7	0	0	0	0	516	577	
8	0	0	0	0	507	568	
9	0	0	0	0	494	562	
10	0	0	0	0	496	562	
11	0	0	0	0	521	568	
12	0	0	0	0	510	590	
13	0	0	0	0	491	614	
14	0	0	0	0	515	620	
15	0	0	0	0	610	631	
0	0	0	0	0	493	648	
1	0	0	0	0	510	646	
2	0	0	0	0	474	640	
3	0	0	0	0	627	654	
4	0	0	0	0	453	706	
5	0	0	0	0	613	779	
6	0	0	0	0	398	807	
7	0	0	0	0	525	792	
8	0	0	0	0	504	799	
9	0	0	0	0	448	813	
10	0	0	0	0	549	820	
11	0	0	0	0	614	790	
12	0	0	0	0	603	765	
13	0	0	0	0	307	705	
14	0	0	0	0	557	640	
15	0	0	0	0	460	700	
0	0	0	0	0	523	772	
1	0	0	0	0	509	823	
2	0	0	0	0	524	867	
3	0	0	0	0	572	819	
4	0	0	0	0	548	716	
5	0	0	0	0	612	627	
6	0	0	0	0	485	568	
7	0	0	0	0	465	391	
8	0	0	0	0	637	283	
9	0	0	0	0	560	259	
10	0	0	0	0	477	279	
11	0	0	0	0	406	395	
12	0	0	0	0	633	471	
13	0	0	0	0	463	551	
14	0	0	0	0	593	647	
15	0	0	0	0	504	700	
0	0	0	0	0	361	726	
1	0	0	0	0	512	649	
2	0	0	0	0	467	583	
3	0	0	0	0	591	512	
4	0	0	0	0	304	419	
5	0	0	0	0	641	427	
6	0	0	0	0	415	514	
7	0	0	0	0	689	560	
8	0	0	0	0	499	620	
9	0	0	0	0	647	675	
10	0	0	0	0	417	701	
11	0	0	0	0	446	604	
12	0	0	0	0	556	565	
13	0	0	0	0	501	526	
14	0	0	0	0	533	470	
15	0	0	0	0	483	444	
0	0	0	0	0	444	419	
1	0	0	0	0	605	448	
2	0	0	0	0	492	547	
3	0	0	0	0	523	610	
4	0	0	0	0	502	659	
5	0	0	0	0	504	668	
6	0	0	0	0	579	684	
7	0	0	0	0	495	644	
8	0	0	0	0	510	600	
9	0	0	0	0	475	587	
10	0	0	0	0	472	576	
11	0	0	0	0	455	569	
12	0	0	0	0	501	563	
13	0	0	0	0	503	567	
14	0	0	0	0	514	578	
15	0	0	0	0	546	580	
0	0	0	0	0	536	597	
1	0	0	0	0	524	633	
2	0	0	0	0	491	648	
3	0	0	0	0	513	652	
4	0	0	0	0	496	641	
5	0	0	0	0	519	640	
6	0	0	0	0	517	644	
7	0	0	0	0	510	629	
8	0	0	0	0	496	606	
9	0	0	0	0	498	600	
10	0	0	0	0	437	609	
11	0	0	0	0	615	615	
12	0	0	0	0	576	609	
13	0	0	0	0	504	611	
14	0	0	0	0	487	622	
15	0	0	0	0	483	632	
0	0	0	0	0	501	626	
1	0	0	0	0	520	626	
2	0	0	0	0	510	619	
3	0	0	0	0	508	610	
4	0	0	0	0	515	594	
5	0	0	0	0	505	592	
6	0	0	0	0	514	594	
7	0	0	0	0	512	587	
8	0	0	0	0	515	586	
9	0	0	0	0	503	588	
10	0	0	0	0	504	586	
11	0	0	0	0	506	590	
12	0	0	0	0	514	591	
13	0	0	0	0	517	592	
14	0	0	0	0	503	582	
15	0	0	0	0	504	569	
0	0	0	0	0	485	580	
1	0	0	0	0	528	608	
2	0	0	0	0	519	633	
3	0	0	0	0	521	650	
4	0	0	0	0	508	640	
5	0	0	0	0	503	575	
6	0	0	0	0	504	534	
7	0	0	0	0	526	545	
8	0	0	0	0	521	580	
9	0	0	0	0	508	613	
10	0	0	0	0	495	635	
11	0	0	0	0	507	624	
12	0	0	0	0	507	603	
13	0	0	0	0	523	590	
14	0	0	0	0	513	597	
15	0	0	0	0	517	607	
0	0	0	0	0	506	596	
1	0	0	0	0	508	569	
2	0	0	0	0	507	524	
3	0	0	0	0	506	509	
4	0	0	0	0	503	534	
5	0	0	0	0	494	566	
6	0	0	0	0	507	604	
7	0	0	0	0	519	631	
8	0	0	0	0	505	631	
9	0	0	0	0	521	628	
10	0	0	0	0	517	628	
11	0	0	0	0	514	595	
12	0	0	0	0	506	551	
13	0	0	0	0	493	535	
14	0	0	0	0	498	558	
15	0	0	0	0	519	613	
0	0	0	0	0	525	656	
1	0	0	0	0	516	671	
2	0	0	0	0	526	668	
3	0	0	0	0	520	647	
4	0	0	0	0	515	608	
5	0	0	0	0	505	561	
6	0	0	0	0	507	536	
7	0	0	0	0	503	546	
8	0	0	0	0	491	576	
9	0	0	0	0	501	616	
10	0	0	0	0	509	646	
11	0	0	0	0	531	655	
12	0	0	0	0	518	649	
13	0	0	0	0	517	639	
14	0	0	0	0	515	639	
15	0	0	0	0	507	635	
0	0	0	0	0	510	611	
1	0	0	0	0	518	575	
2	0	0	0	0	514	574	
3	0	0	0	0	509	599	
4	0	0	0	0	515	634	
5	0	0	0	0	518	664	
6	0	0	0	0	508	674	
7	0	0	0	0	513	669	
8	0	0	0	0	508	670	
9	0	0	0	0	492	649	
10	0	0	0	0	513	635	
11	0	0	0	0	507	625	
12	0	0	0	0	502	612	
13	0	0	0	0	491	591	
14	0	0	0	0	503	581	
15	0	0	0	0	512	595	
0	0	0	0	0	530	615	
1	0	0	0	0	494	632	
2	0	0	0	0	532	641	
3	0	0	0	0	534	638	
4	0	0	0	0	496	628	
5	0	0	0	0	519	617	
6	0	0	0	0	534	609	
7	0	0	0	0	513	606	
8	0	0	0	0	509	604	
9	0	0	0	0	504	607	
10	0	0	0	0	528	616	
11	0	0	0	0	519	622	
12	0	0	0	0	507	630	
13	0	0	0	0	510	632	
14	0	0	0	0	480	635	
15	0	0	0	0	491	625	
0	0	0	0	0	465	615	
1	0	0	0	0	507	599	
2	0	0	0	0	523	579	
3	0	0	0	0	482	567	
4	0	0	0	0	489	553	
5	0	0	0	0	506	554	
6	0	0	0	0	512	564	
7	0	0	0	0	492	582	
8	0	0	0	0	509	595	
9	0	0	0	0	496	602	
10	0	0	0	0	533	613	
11	0	0	0	0	549	615	
12	0	0	0	0	446	615	
13	0	0	0	0	491	611	
14	0	0	0	0	492	602	
15	0	0	0	0	511	583	
0	0	0	0	0	512	575	
1	0	0	0	0	528	588	
2	0	0	0	0	510	596	
3	0	0	0	0	525	600	
4	0	0	0	0	502	588	
5	0	0	0	0	504	573	
6	0	0	0	0	499	551	
7	0	0	0	0	505	542	
8	0	0	0	0	519	537	
9	0	0	0	0	491	549	
10	0	0	0	0	492	564	
11	0	0	0	0	500	579	
12	0	0	0	0	508	585	
13	0	0	0	0	524	587	
14	0	0	0	0	500	579	
15	0	0	0	0	530	574	
0	0	0	0	0	517	569	
1	0	0	0	0	544	571	
2	0	0	0	0	510	569	
3	0	0	0	0	517	566	
4	0	0	0	0	519	571	
5	0	0	0	0	506	582	
6	0	0	0	0	513	593	
7	0	0	0	0	530	619	
8	0	0	0	0	511	636	
9	0	0	0	0	531	643	
10	0	0	0	0	482	666	
11	0	0	0	0	495	650	
12	0	0	0	0	512	628	
13	0	0	0	0	554	630	
14	0	0	0	0	505	697	
15	0	0	0	0	456	755	
0	0	0	0	0	526	772	
1	0	0	0	0	482	760	
2	0	0	0	0	479	746	
3	0	0	0	0	467	733	
4	0	0	0	0	489	735	
5	0	0	0	0	413	779	
6	0	0	0	0	588	824	
7	0	0	0	0	575	825	
8	0	0	0	0	610	806	
9	0	0	0	0	600	786	
10	0	0	0	0	629	772	
11	0	0	0	0	349	754	
12	0	0	0	0	360	721	
13	0	0	0	0	519	720	
14	0	0	0	0	550	676	
15	0	0	0	0	493	608	
0	0	0	0	0	511	583	
1	0	0	0	0	521	560	
2	0	0	0	0	538	497	
3	0	0	0	0	501	375	
4	0	0	0	0	476	371	
5	0	0	0	0	587	411	
6	0	0	0	0	568	402	
7	0	0	0	0	524	403	
8	0	0	0	0	532	432	
9	0	0	0	0	515	449	
10	0	0	0	0	473	496	
11	0	0	0	0	427	499	
12	0	0	0	0	446	508	
13	0	0	0	0	501	531	
14	0	0	0	0	516	526	
15	0	0	0	0	519	510	
0	0	0	0	0	520	508	
1	0	0	0	0	503	508	
2	0	0	0	0	534	513	
3	0	0	0	0	487	520	
4	0	0	0	0	532	543	
5	0	0	0	0	499	575	
6	0	0	0	0	517	590	
7	0	0	0	0	510	608	
8	0	0	0	0	508	618	
9	0	0	0	0	504	593	
10	0	0	0	0	493	569	
11	0	0	0	0	493	560	
12	0	0	0	0	511	570	
13	0	0	0	0	520	591	
14	0	0	0	0	519	601	
15	0	0	0	0	533	603	
0	0	0	0	0	513	608	
1	0	0	0	0	503	597	
2	0	0	0	0	508	603	
3	0	0	0	0	502	590	
4	0	0	0	0	508	585	
5	0	0	0	0	507	586	
6	0	0	0	0	510	605	
7	0	0	0	0	495	624	
8	0	0	0	0	508	632	
9	0	0	0	0	507	635	
10	0	0	0	0	511	629	
11	0	0	0	0	513	615	
12	0	0	0	0	515	606	
13	0	0	0	0	523	604	
14	0	0	0	0	508	606	
15	0	0	0	0	516	601	
0	0	0	0	0	502	596	
1	0	0	0	0	500	591	
2	0	0	0	0	494	596	
3	0	0	0	0	514	606	
4	0	0	0	0	513	611	
5	0	0	0	0	509	612	
6	0	0	0	0	513	609	
7	0	0	0	0	512	606	
8	0	0	0	0	513	608	
9	0	0	0	0	504	597	
10	0	0	0	0	498	591	
11	0	0	0	0	508	590	
12	0	0	0	0	508	597	
13	0	0	0	0	519	601	
14	0	0	0	0	509	601	
15	0	0	0	0	512	603	
0	0	0	0	0	515	605	
1	0	0	0	0	507	604	
2	0	0	0	0	511	604	
3	0	0	0	0	508	590	
4	0	0	0	0	511	587	
5	0	0	0	0	513	590	
6	0	0	0	0	512	591	
7	0	0	0	0	512	588	
8	0	0	0	0	508	584	
9	0	0	0	0	501	583	
10	0	0	0	0	510	584	
11	0	0	0	0	512	581	
12	0	0	0	0	507	588	
13	0	0	0	0	513	594	
14	0	0	0	0	510	593	
15	0	0	0	0	506	592	
0	0	0	0	0	510	584	
1	0	0	0	0	510	577	
2	0	0	0	0	514	579	
3	0	0	0	0	515	583	
4	0	0	0	0	509	585	
5	0	0	0	0	507	595	
6	0	0	0	0	513	608	
7	0	0	0	0	506	622	
8	0	0	0	0	505	633	
9	0	0	0	0	508	641	
10	0	0	0	0	503	631	
11	0	0	0	0	507	615	
12	0	0	0	0	506	600	
13	0	0	0	0	509	596	
14	0	0	0	0	512	610	
15	0	0	0	0	509	626	
0	0	0	0	0	511	641	
1	0	0	0	0	511	647	
2	0	0	0	0	511	647	
3	0	0	0	0	509	643	
4	0	0	0	0	510	636	
5	0	0	0	0	505	627	
6	0	0	0	0	507	623	
7	0	0	0	0	508	621	
8	0	0	0	0	509	611	
9	0	0	0	0	511	619	
10	0	0	0	0	512	628	
11	0	0	0	0	510	632	
12	0	0	0	0	515	628	
13	0	0	0	0	512	621	
14	0	0	0	0	507	623	
15	0	0	0	0	508	623	
0	0	0	0	0	507	620	
1	0	0	0	0	506	616	
2	0	0	0	0	508	621	
3	0	0	0	0	510	619	
4	0	0	0	0	503	611	
5	0	0	0	0	514	600	
6	0	0	0	0	503	601	
7	0	0	0	0	512	603	
8	0	0	0	0	510	609	
9	0	0	0	0	510	615	
10	0	0	0	0	511	617	
11	0	0	0	0	513	615	
12	0	0	0	0	507	612	
13	0	0	0	0	507	611	
14	0	0	0	0	515	611	
15	0	0	0	0	511	608	
0	0	0	0	0	512	600	
1	0	0	0	0	512	592	
2	0	0	0	0	502	602	
3	0	0	0	0	516	603	
4	0	0	0	0	513	599	
5	0	0	0	0	518	603	
6	0	0	0	0	525	603	
7	0	0	0	0	502	608	
8	0	0	0	0	504	629	
9	0	0	0	0	521	630	
10	0	0	0	0	503	632	
11	0	0	0	0	508	629	
12	0	0	0	0	522	621	
13	0	0	0	0	503	618	
14	0	0	0	0	551	612	
15	0	0	0	0	499	603	
0	0	0	0	0	492	601	
1	0	0	0	0	507	595	
2	0	0	0	0	505	593	
3	0	0	0	0	520	604	
4	0	0	0	0	508	606	
5	0	0	0	0	512	599	
6	0	0	0	0	518	600	
7	0	0	0	0	521	596	
8	0	0	0	0	500	587	
9	0	0	0	0	508	587	
10	0	0	0	0	525	583	
11	0	0	0	0	529	578	
12	0	0	0	0	500	583	
13	0	0	0	0	506	592	
14	0	0	0	0	498	594	
15	0	0	0	0	532	604	
0	0	0	0	0	481	601	
1	0	0	0	0	506	590	
2	0	0	0	0	524	588	
3	0	0	0	0	540	587	
4	0	0	0	0	548	582	
5	0	0	0	0	541	580	
6	0	0	0	0	524	576	
7	0	0	0	0	503	574	
8	0	0	0	0	502	575	
9	0	0	0	0	515	573	
10	0	0	0	0	460	579	
11	0	0	0	0	484	585	
12	0	0	0	0	506	590	
13	0	0	0	0	487	593	
14	0	0	0	0	527	582	
15	0	0	0	0	523	574	
0	0	0	0	0	507	572	
1	0	0	0	0	499	566	
2	0	0	0	0	517	561	
3	0	0	0	0	536	560	
4	0	0	0	0	506	566	
5	0	0	0	0	496	572	
6	0	0	0	0	504	574	
7	0	0	0	0	519	577	
8	0	0	0	0	515	577	
9	0	0	0	0	528	575	
10	0	0	0	0	500	575	
11	0	0	0	0	498	563	
12	0	0	0	0	511	556	
13	0	0	0	0	509	554	
14	0	0	0	0	507	553	
15	0	0	0	0	513	559	
0	0	0	0	0	511	575	
1	0	0	0	0	514	587	
2	0	0	0	0	507	593	
3	0	0	0	0	510	600	
4	0	0	0	0	502	615	
5	0	0	0	0	529	637	
6	0	0	0	0	483	643	
7	0	0	0	0	519	647	
8	0	0	0	0	497	674	
9	0	0	0	0	502	700	
10	0	0	0	0	510	699	
11	0	0	0	0	499	714	
12	0	0	0	0	518	719	
13	0	0	0	0	480	722	
14	0	0	0	0	451	723	
15	0	0	0	0	534	723	
0	0	0	0	0	541	740	
1	0	0	0	0	551	783	
2	0	0	0	0	540	823	
3	0	0	0	0	528	839	
4	0	0	0	0	592	844	
5	0	0	0	0	635	800	
6	0	0	0	0	351	753	
7	0	0	0	0	437	730	
8	0	0	0	0	482	751	
9	0	0	0	0	632	780	
10	0	0	0	0	501	797	
11	0	0	0	0	461	745	
12	0	0	0	0	533	707	
13	0	0	0	0	497	667	
14	0	0	0	0	428	615	
15	0	0	0	0	462	588	
0	0	0	0	0	513	574	
1	0	0	0	0	546	532	
2	0	0	0	0	515	433	
3	0	0	0	0	545	356	
4	0	0	0	0	503	320	
5	0	0	0	0	531	311	
6	0	0	0	0	491	294	
7	0	0	0	0	502	256	
8	0	0	0	0	515	236	
9	0	0	0	0	506	275	
10	0	0	0	0	468	322	
11	0	0	0	0	571	369	
12	0	0	0	0	496	413	
13	0	0	0	0	489	474	
14	0	0	0	0	477	530	
15	0	0	0	0	510	572	
0	0	0	0	0	502	596	
1	0	0	0	0	499	610	
2	0	0	0	0	513	604	
3	0	0	0	0	512	601	
4	0	0	0	0	512	609	
5	0	0	0	0	529	610	
6	0	0	0	0	510	599	
7	0	0	0	0	517	593	
8	0	0	0	0	488	594	
9	0	0	0	0	503	604	
10	0	0	0	0	504	613	
11	0	0	0	0	513	632	
12	0	0	0	0	504	630	
13	0	0	0	0	495	615	
14	0	0	0	0	505	630	
15	0	0	0	0	513	624	
0	0	0	0	0	523	614	
1	0	0	0	0	515	611	
2	0	0	0	0	481	604	
3	0	0	0	0	501	614	
4	0	0	0	0	505	624	
5	0	0	0	0	505	627	
6	0	0	0	0	524	620	
7	0	0	0	0	535	612	
8	0	0	0	0	521	606	
9	0	0	0	0	521	605	
10	0	0	0	0	513	605	
11	0	0	0	0	509	600	
12	0	0	0	0	504	588	
13	0	0	0	0	521	592	
14	0	0	0	0	512	596	
15	0	0	0	0	506	595	
0	0	0	0	0	502	595	
1	0	0	0	0	511	600	
2	0	0	0	0	506	600	
3	0	0	0	0	515	595	
4	0	0	0	0	502	591	
5	0	0	0	0	515	604	
6	0	0	0	0	510	609	
7	0	0	0	0	503	598	
8	0	0	0	0	504	584	
9	0	0	0	0	503	577	
10	0	0	0	0	511	576	
11	0	0	0	0	510	580	
12	0	0	0	0	508	579	
13	0	0	0	0	509	587	
14	0	0	0	0	510	596	
15	0	0	0	0	517	604	
0	0	0	0	0	504	606	
1	0	0	0	0	509	608	
2	0	0	0	0	510	609	
3	0	0	0	0	516	605	
4	0	0	0	0	516	602	
5	0	0	0	0	510	599	
6	0	0	0	0	512	588	
7	0	0	0	0	510	577	
8	0	0	0	0	507	576	
9	0	0	0	0	513	588	
10	0	0	0	0	503	599	
11	0	0	0	0	512	605	
12	0	0	0	0	518	616	
13	0	0	0	0	511	622	
14	0	0	0	0	505	614	
15	0	0	0	0	510	617	
0	0	0	0	0	507	625	
1	0	0	0	0	508	624	
2	0	0	0	0	503	617	
3	0	0	0	0	509	610	
4	0	0	0	0	506	609	
5	0	0	0	0	510	615	
6	0	0	0	0	509	626	
7	0	0	0	0	515	630	
8	0	0	0	0	512	625	
9	0	0	0	0	514	615	
10	0	0	0	0	511	619	
11	0	0	0	0	507	624	
12	0	0	0	0	511	630	
13	0	0	0	0	511	628	
14	0	0	0	0	511	629	
15	0	0	0	0	511	628	
0	0	0	0	0	507	622	
1	0	0	0	0	507	614	
2	0	0	0	0	507	602	
3	0	0	0	0	515	590	
4	0	0	0	0	513	590	
5	0	0	0	0	507	603	
6	0	0	0	0	512	619	
7	0	0	0	0	507	632	
8	0	0	0	0	511	642	
9	0	0	0	0	509	645	
10	0	0	0	0	512	634	
11	0	0	0	0	504	625	
12	0	0	0	0	508	615	
13	0	0	0	0	505	598	
14	0	0	0	0	504	594	
15	0	0	0	0	509	598	
0	0	0	0	0	509	603	
1	0	0	0	0	512	616	
2	0	0	0	0	513	628	
3	0	0	0	0	514	633	
4	0	0	0	0	513	641	
5	0	0	0	0	507	637	
6	0	0	0	0	508	627	
7	0	0	0	0	507	614	
8	0	0	0	0	508	600	
9	0	0	0	0	505	594	
10	0	0	0	0	511	593	
11	0	0	0	0	510	605	
12	0	0	0	0	511	620	
13	0	0	0	0	511	627	
14	0	0	0	0	511	632	
15	0	0	0	0	501	632	
0	0	0	0	0	505	627	
1	0	0	0	0	510	624	
2	0	0	0	0	511	616	
3	0	0	0	0	508	614	
4	0	0	0	0	509	614	
5	0	0	0	0	511	605	
6	0	0	0	0	511	600	
7	0	0	0	0	511	604	
8	0	0	0	0	509	604	
9	0	0	0	0	509	617	
10	0	0	0	0	510	620	
11	0	0	0	0	509	618	
12	0	0	0	0	515	620	
13	0	0	0	0	513	612	
14	0	0	0	0	513	606	
15	0	0	0	0	505	602	
0	0	0	0	0	511	604	
1	0	0	0	0	505	603	
2	0	0	0	0	512	606	
3	0	0	0	0	497	612	
4	0	0	0	0	498	617	
5	0	0	0	0	499	624	
6	0	0	0	0	518	625	
7	0	0	0	0	500	620	
8	0	0	0	0	506	611	
9	0	0	0	0	509	606	
10	0	0	0	0	539	603	
11	0	0	0	0	510	601	
12	0	0	0	0	506	599	
13	0	0	0	0	510	606	
14	0	0	0	0	504	607	
15	0	0	0	0	504	601	
0	0	0	0	0	502	599	
1	0	0	0	0	544	593	
2	0	0	0	0	503	588	
3	0	0	0	0	504	586	
4	0	0	0	0	514	588	
5	0	0	0	0	487	585	
6	0	0	0	0	487	582	
7	0	0	0	0	514	583	
8	0	0	0	0	500	591	
9	0	0	0	0	480	591	
10	0	0	0	0	497	589	
11	0	0	0	0	516	594	
12	0	0	0	0	500	598	
13	0	0	0	0	499	593	
14	0	0	0	0	501	610	
15	0	0	0	0	495	619	
0	0	0	0	0	492	608	
1	0	0	0	0	483	607	
2	0	0	0	0	504	595	
3	0	0	0	0	493	579	
4	0	0	0	0	495	566	
5	0	0	0	0	512	558	
6	0	0	0	0	500	559	
7	0	0	0	0	504	567	
8	0	0	0	0	527	574	
9	0	0	0	0	483	581	
10	0	0	0	0	487	578	
11	0	0	0	0	495	583	
12	0	0	0	0	527	577	
13	0	0	0	0	517	569	
14	0	0	0	0	481	564	
15	0	0	0	0	525	555	
0	0	0	0	0	534	549	
1	0	0	0	0	509	551	
2	0	0	0	0	494	562	
3	0	0	0	0	511	570	
4	0	0	0	0	494	575	
5	0	0	0	0	478	577	
6	0	0	0	0	483	570	
7	0	0	0	0	504	575	
8	0	0	0	0	497	574	
9	0	0	0	0	512	572	
10	0	0	0	0	506	575	
11	0	0	0	0	511	575	
12	0	0	0	0	514	570	
13	0	0	0	0	516	566	
14	0	0	0	0	502	568	
15	0	0	0	0	518	569	
0	0	0	0	0	507	569	
1	0	0	0	0	507	575	
2	0	0	0	0	502	585	
3	0	0	0	0	504	591	
4	0	0	0	0	515	600	
5	0	0	0	0	511	611	
6	0	0	0	0	521	615	
7	0	0	0	0	510	624	
8	0	0	0	0	506	633	
9	0	0	0	0	511	632	
10	0	0	0	0	516	624	
11	0	0	0	0	409	615	
12	0	0	0	0	527	594	
13	0	0	0	0	505	559	
14	0	0	0	0	504	531	
15	0	0	0	0	520	558	
0	0	0	0	0	495	612	
1	0	0	0	0	525	660	
2	0	0	0	0	465	679	
3	0	0	0	0	509	661	
4	0	0	0	0	543	632	
5	0	0	0	0	473	600	
6	0	0	0	0	542	575	
7	0	0	0	0	509	576	
8	0	0	0	0	533	614	
9	0	0	0	0	516	668	
10	0	0	0	0	480	717	
11	0	0	0	0	539	749	
12	0	0	0	0	414	755	
13	0	0	0	0	567	765	
14	0	0	0	0	469	782	
15	0	0	0	0	504	770	
0	0	0	0	0	580	712	
1	0	0	0	0	417	700	
2	0	0	0	0	501	724	
3	0	0	0	0	555	746	
4	0	0	0	0	483	748	
5	0	0	0	0	478	723	
6	0	0	0	0	512	687	
7	0	0	0	0	532	642	
8	0	0	0	0	487	600	
9	0	0	0	0	495	556	
10	0	0	0	0	494	510	
11	0	0	0	0	501	456	
12	0	0	0	0	540	428	
13	0	0	0	0	529	431	
14	0	0	0	0	505	435	
15	0	0	0	0	475	429	
0	0	0	0	0	487	413	
1	0	0	0	0	533	416	
2	0	0	0	0	524	419	
3	0	0	0	0	538	440	
4	0	0	0	0	516	472	
5	0	0	0	0	525	491	
6	0	0	0	0	491	519	
7	0	0	0	0	497	538	
8	0	0	0	0	495	560	
9	0	0	0	0	490	575	
10	0	0	0	0	499	573	
11	0	0	0	0	526	566	
12	0	0	0	0	537	571	
13	0	0	0	0	536	579	
14	0	0	0	0	505	588	
15	0	0	0	0	512	591	
0	0	0	0	0	511	592	
1	0	0	0	0	518	590	
2	0	0	0	0	492	581	
3	0	0	0	0	496	579	
4	0	0	0	0	507	583	
5	0	0	0	0	518	583	
6	0	0	0	0	524	577	
7	0	0	0	0	521	572	
8	0	0	0	0	510	578	
9	0	0	0	0	499	593	
10	0	0	0	0	489	601	
11	0	0	0	0	507	605	
12	0	0	0	0	511	612	
13	0	0	0	0	499	617	
14	0	0	0	0	511	616	
15	0	0	0	0	518	616	
0	0	0	0	0	520	609	
1	0	0	0	0	522	604	
2	0	0	0	0	520	588	
3	0	0	0	0	517	583	
4	0	0	0	0	511	587	
5	0	0	0	0	515	591	
6	0	0	0	0	513	595	
7	0	0	0	0	522	593	
8	0	0	0	0	508	589	
9	0	0	0	0	502	583	
10	0	0	0	0	501	582	
11	0	0	0	0	501	588	
12	0	0	0	0	502	601	
13	0	0	0	0	503	609	
14	0	0	0	0	505	611	
15	0	0	0	0	512	616	
0	0	0	0	0	512	613	
1	0	0	0	0	510	600	
2	0	0	0	0	508	587	
3	0	0	0	0	517	573	
4	0	0	0	0	503	574	
5	0	0	0	0	515	584	
6	0	0	0	0	508	596	
7	0	0	0	0	511	605	
8	0	0	0	0	516	631	
9	0	0	0	0	510	645	
10	0	0	0	0	507	643	
11	0	0	0	0	508	645	
12	0	0	0	0	508	646	
13	0	0	0	0	511	639	
14	0	0	0	0	511	630	
15	0	0	0	0	512	605	
0	0	0	0	0	508	580	
1	0	0	0	0	510	570	
2	0	0	0	0	508	582	
3	0	0	0	0	511	608	
4	0	0	0	0	509	630	
5	0	0	0	0	509	641	
6	0	0	0	0	508	649	
7	0	0	0	0	509	651	
8	0	0	0	0	507	644	
9	0	0	0	0	506	635	
10	0	0	0	0	508	628	
11	0	0	0	0	512	619	
12	0	0	0	0	509	602	
13	0	0	0	0	511	587	
14	0	0	0	0	514	587	
15	0	0	0	0	510	600	
0	0	0	0	0	513	627	
1	0	0	0	0	515	647	
2	0	0	0	0	510	653	
3	0	0	0	0	509	654	
4	0	0	0	0	505	648	
5	0	0	0	0	507	631	
6	0	0	0	0	509	607	
7	0	0	0	0	505	587	
8	0	0	0	0	509	578	
9	0	0	0	0	512	580	
10	0	0	0	0	511	599	
11	0	0	0	0	513	621	
12	0	0	0	0	514	635	
13	0	0	0	0	509	641	
14	0	0	0	0	512	643	
15	0	0	0	0	506	644	
0	0	0	0	0	504	643	
1	0	0	0	0	508	628	
2	0	0	0	0	508	602	
3	0	0	0	0	511	563	
4	0	0	0	0	508	540	
5	0	0	0	0	512	546	
6	0	0	0	0	511	568	
7	0	0	0	0	508	594	
8	0	0	0	0	511	620	
9	0	0	0	0	512	638	
10	0	0	0	0	511	643	
11	0	0	0	0	507	639	
12	0	0	0	0	515	633	
13	0	0	0	0	505	623	
14	0	0	0	0	503	610	
15	0	0	0	0	506	611	
0	0	0	0	0	505	615	
1	0	0	0	0	510	608	
2	0	0	0	0	512	598	
3	0	0	0	0	510	597	
4	0	0	0	0	508	599	
5	0	0	0	0	500	600	
6	0	0	0	0	508	605	
7	0	0	0	0	502	606	
8	0	0	0	0	507	602	
9	0	0	0	0	510	600	
10	0	0	0	0	509	599	
11	0	0	0	0	521	598	
12	0	0	0	0	510	595	
13	0	0	0	0	513	604	
14	0	0	0	0	527	611	
15	0	0	0	0	510	606	
0	0	0	0	0	519	608	
1	0	0	0	0	507	609	
2	0	0	0	0	498	598	
3	0	0	0	0	504	592	
4	0	0	0	0	502	588	
5	0	0	0	0	527	581	
6	0	0	0	0	529	575	
7	0	0	0	0	510	569	
8	0	0	0	0	505	572	
9	0	0	0	0	509	584	
10	0	0	0	0	497	589	
11	0	0	0	0	521	591	
12	0	0	0	0	525	585	
13	0	0	0	0	499	582	
14	0	0	0	0	504	582	
15	0	0	0	0	508	579	
0	0	0	0	0	512	580	
1	0	0	0	0	493	578	
2	0	0	0	0	493	585	
3	0	0	0	0	492	591	
4	0	0	0	0	512	584	
5	0	0	0	0	553	592	
6	0	0	0	0	494	597	
7	0	0	0	0	489	596	
8	0	0	0	0	512	596	
9	0	0	0	0	525	594	
10	0	0	0	0	518	594	
11	0	0	0	0	559	592	
12	0	0	0	0	471	589	
13	0	0	0	0	481	587	
14	0	0	0	0	504	585	
15	0	0	0	0	495	580	
0	0	0	0	0	498	580	
1	0	0	0	0	502	579	
2	0	0	0	0	506	588	
3	0	0	0	0	512	594	
4	0	0	0	0	519	601	
5	0	0	0	0	518	611	
6	0	0	0	0	530	613	
7	0	0	0	0	502	608	
8	0	0	0	0	510	601	
9	0	0	0	0	499	597	
10	0	0	0	0	502	591	
11	0	0	0	0	506	588	
12	0	0	0	0	520	594	
13	0	0	0	0	519	608	
14	0	0	0	0	506	631	
15	0	0	0	0	523	664	
0	0	0	0	0	544	687	
1	0	0	0	0	468	714	
2	0	0	0	0	566	745	
3	0	0	0	0	450	765	
4	0	0	0	0	457	799	
5	0	0	0	0	609	839	
6	0	0	0	0	452	816	
7	0	0	0	0	536	695	
8	0	0	0	0	520	568	
9	0	0	0	0	555	513	
10	0	0	0	0	545	567	
11	0	0	0	0	604	683	
12	0	0	0	0	623	790	
13	0	0	0	0	453	852	
14	0	0	0	0	550	858	
15	0	0	0	0	543	773	
0	0	0	0	0	493	668	
1	0	0	0	0	424	642	
2	0	0	0	0	503	652	
3	0	0	0	0	536	663	
4	0	0	0	0	536	666	
5	0	0	0	0	425	631	
6	0	0	0	0	522	586	
7	0	0	0	0	505	566	
8	0	0	0	0	519	546	
9	0	0	0	0	495	522	
10	0	0	0	0	534	504	
11	0	0	0	0	521	479	
12	0	0	0	0	499	426	
13	0	0	0	0	607	405	
14	0	0	0	0	469	350	
15	0	0	0	0	557	264	
0	0	0	0	0	523	135	
1	0	0	0	0	491	167	
2	0	0	0	0	505	235	
3	0	0	0	0	580	367	
4	0	0	0	0	524	515	
5	0	0	0	0	497	733	
6	0	0	0	0	483	872	
7	0	0	0	0	493	874	
8	0	0	0	0	476	790	
9	0	0	0	0	466	668	
10	0	0	0	0	441	579	
11	0	0	0	0	497	506	
12	0	0	0	0	502	483	
13	0	0	0	0	582	515	
14	0	0	0	0	581	559	
15	0	0	0	0	540	596	
0	0	0	0	0	583	602	
1	0	0	0	0	461	607	
2	0	0	0	0	402	611	
3	0	0	0	0	475	643	
4	0	0	0	0	555	670	
5	0	0	0	0	555	663	
6	0	0	0	0	518	642	
7	0	0	0	0	477	617	
8	0	0	0	0	496	605	
9	0	0	0	0	521	608	
10	0	0	0	0	482	611	
11	0	0	0	0	527	613	
12	0	0	0	0	516	612	
13	0	0	0	0	515	601	
14	0	0	0	0	504	581	
15	0	0	0	0	540	581	
0	0	0	0	0	507	592	
1	0	0	0	0	536	608	
2	0	0	0	0	489	622	
3	0	0	0	0	490	619	
4	0	0	0	0	526	617	
5	0	0	0	0	532	613	
6	0	0	0	0	502	604	
7	0	0	0	0	527	603	
8	0	0	0	0	495	605	
9	0	0	0	0	495	591	
10	0	0	0	0	489	579	
11	0	0	0	0	522	587	
12	0	0	0	0	510	601	
13	0	0	0	0	510	615	
14	0	0	0	0	507	624	
15	0	0	0	0	523	630	
0	0	0	0	0	511	619	
1	0	0	0	0	530	608	
2	0	0	0	0	498	612	
3	0	0	0	0	504	607	
4	0	0	0	0	513	587	
5	0	0	0	0	497	581	
6	0	0	0	0	492	591	
7	0	0	0	0	500	608	
8	0	0	0	0	508	617	
9	0	0	0	0	529	626	
10	0	0	0	0	515	621	
11	0	0	0	0	508	611	
12	0	0	0	0	508	607	
13	0	0	0	0	508	608	
14	0	0	0	0	504	606	
15	0	0	0	0	516	606	
0	0	0	0	0	517	605	
1	0	0	0	0	494	605	
2	0	0	0	0	521	606	
3	0	0	0	0	500	614	
4	0	0	0	0	508	620	
5	0	0	0	0	509	617	
6	0	0	0	0	507	614	
7	0	0	0	0	504	605	
8	0	0	0	0	516	601	
9	0	0	0	0	504	598	
10	0	0	0	0	499	595	
11	0	0	0	0	520	596	
12	0	0	0	0	512	601	
13	0	0	0	0	521	601	
14	0	0	0	0	504	601	
15	0	0	0	0	514	603	
0	0	0	0	0	515	609	
1	0	0	0	0	510	614	
2	0	0	0	0	508	617	
3	0	0	0	0	501	614	
4	0	0	0	0	509	605	
5	0	0	0	0	513	600	
6	0	0	0	0	509	596	
7	0	0	0	0	508	590	
8	0	0	0	0	515	582	
9	0	0	0	0	507	581	
10	0	0	0	0	504	580	
11	0	0	0	0	509	582	
12	0	0	0	0	518	592	
13	0	0	0	0	500	602	
14	0	0	0	0	510	611	
15	0	0	0	0	509	622	
0	0	0	0	0	508	623	
1	0	0	0	0	508	610	
2	0	0	0	0	511	599	
3	0	0	0	0	505	591	
4	0	0	0	0	515	577	
5	0	0	0	0	512	575	
6	0	0	0	0	509	575	
7	0	0	0	0	507	581	
8	0	0	0	0	511	600	
9	0	0	0	0	510	611	
10	0	0	0	0	510	620	
11	0	0	0	0	511	624	
12	0	0	0	0	513	616	
13	0	0	0	0	504	613	
14	0	0	0	0	513	615	
15	0	0	0	0	510	613	
0	0	0	0	0	509	602	
1	0	0	0	0	510	592	
2	0	0	0	0	508	584	
3	0	0	0	0	510	588	
4	0	0	0	0	511	599	
5	0	0	0	0	511	602	
6	0	0	0	0	510	607	
7	0	0	0	0	513	602	
8	0	0	0	0	509	596	
9	0	0	0	0	504	594	
10	0	0	0	0	506	599	
11	0	0	0	0	513	608	
12	0	0	0	0	509	613	
13	0	0	0	0	505	609	
14	0	0	0	0	506	601	
15	0	0	0	0	513	591	
0	0	0	0	0	512	583	
1	0	0	0	0	510	577	
2	0	0	0	0	514	575	
3	0	0	0	0	514	584	
4	0	0	0	0	512	595	
5	0	0	0	0	509	611	
6	0	0	0	0	503	617	
7	0	0	0	0	509	622	
8	0	0	0	0	500	623	
9	0	0	0	0	504	623	
10	0	0	0	0	517	616	
11	0	0	0	0	512	603	
12	0	0	0	0	503	593	
13	0	0	0	0	503	589	
14	0	0	0	0	500	588	
15	0	0	0	0	503	590	
0	0	0	0	0	526	596	
1	0	0	0	0	513	603	
2	0	0	0	0	516	607	
3	0	0	0	0	526	608	
4	0	0	0	0	502	607	
5	0	0	0	0	520	604	
6	0	0	0	0	473	606	
7	0	0	0	0	515	612	
8	0	0	0	0	530	622	
9	0	0	0	0	505	640	
10	0	0	0	0	508	655	
11	0	0	0	0	496	653	
12	0	0	0	0	484	630	
13	0	0	0	0	475	606	
14	0	0	0	0	520	584	
15	0	0	0	0	621	579	
0	0	0	0	0	518	581	
1	0	0	0	0	477	574	
2	0	0	0	0	496	579	
3	0	0	0	0	515	592	
4	0	0	0	0	521	614	
5	0	0	0	0	532	633	
6	0	0	0	0	520	654	
7	0	0	0	0	527	675	
8	0	0	0	0	553	664	
9	0	0	0	0	468	629	
10	0	0	0	0	505	602	
11	0	0	0	0	482	567	
12	0	0	0	0	496	545	
13	0	0	0	0	496	531	
14	0	0	0	0	551	535	
15	0	0	0	0	516	553	
0	0	0	0	0	533	573	
1	0	0	0	0	496	597	
2	0	0	0	0	516	604	
3	0	0	0	0	489	598	
4	0	0	0	0	505	594	
5	0	0	0	0	512	585	
6	0	0	0	0	504	575	
7	0	0	0	0	519	573	
8	0	0	0	0	539	566	
9	0	0	0	0	531	565	
10	0	0	0	0	502	569	
11	0	0	0	0	504	572	
12	0	0	0	0	497	574	
13	0	0	0	0	508	577	
14	0	0	0	0	513	580	
15	0	0	0	0	518	584	
0	0	0	0	0	512	593	
1	0	0	0	0	508	599	
2	0	0	0	0	513	608	
3	0	0	0	0	503	614	
4	0	0	0	0	513	625	
5	0	0	0	0	518	642	
6	0	0	0	0	516	659	
7	0	0	0	0	524	675	
8	0	0	0	0	491	695	
9	0	0	0	0	508	712	
10	0	0	0	0	540	723	
11	0	0	0	0	533	721	
12	0	0	0	0	508	716	
13	0	0	0	0	476	701	
14	0	0	0	0	505	683	
15	0	0	0	0	635	679	
0	0	0	0	0	475	702	
1	0	0	0	0	510	749	
2	0	0	0	0	562	791	
3	0	0	0	0	560	793	
4	0	0	0	0	552	758	
5	0	0	0	0	452	711	
6	0	0	0	0	458	664	
7	0	0	0	0	506	637	
8	0	0	0	0	500	615	
9	0	0	0	0	510	617	
10	0	0	0	0	506	618	
11	0	0	0	0	502	601	
12	0	0	0	0	513	583	
13	0	0	0	0	478	586	
14	0	0	0	0	498	559	
15	0	0	0	0	517	545	
0	0	0	0	0	523	548	
1	0	0	0	0	499	521	
2	0	0	0	0	505	498	
3	0	0	0	0	498	476	
4	0	0	0	0	521	467	
5	0	0	0	0	515	461	
6	0	0	0	0	518	462	
7	0	0	0	0	487	462	
8	0	0	0	0	517	458	
9	0	0	0	0	527	469	
10	0	0	0	0	511	478	
11	0	0	0	0	516	486	
12	0	0	0	0	510	497	
13	0	0	0	0	492	509	
14	0	0	0	0	503	514	
15	0	0	0	0	525	510	
0	0	0	0	0	525	510	
1	0	0	0	0	505	519	
2	0	0	0	0	525	541	
3	0	0	0	0	527	561	
4	0	0	0	0	508	584	
5	0	0	0	0	497	589	
6	0	0	0	0	506	591	
7	0	0	0	0	518	596	
8	0	0	0	0	516	617	
9	0	0	0	0	490	628	
10	0	0	0	0	517	642	
11	0	0	0	0	503	636	
12	0	0	0	0	505	626	
13	0	0	0	0	501	626	
14	0	0	0	0	510	632	
15	0	0	0	0	514	632	
0	0	0	0	0	504	633	
1	0	0	0	0	508	630	
2	0	0	0	0	503	622	
3	0	0	0	0	502	609	
4	0	0	0	0	501	598	
5	0	0	0	0	509	603	
6	0	0	0	0	518	616	
7	0	0	0	0	502	624	
8	0	0	0	0	521	636	
9	0	0	0	0	510	640	
10	0	0	0	0	513	638	
11	0	0	0	0	510	625	
12	0	0	0	0	511	618	
13	0	0	0	0	511	616	
14	0	0	0	0	514	609	
15	0	0	0	0	511	601	
0	0	0	0	0	510	589	
1	0	0	0	0	510	595	
2	0	0	0	0	513	609	
3	0	0	0	0	499	616	
4	0	0	0	0	506	618	
5	0	0	0	0	504	617	
6	0	0	0	0	500	615	
7	0	0	0	0	518	610	
8	0	0	0	0	514	606	
9	0	0	0	0	510	607	
10	0	0	0	0	510	606	
11	0	0	0	0	506	607	
12	0	0	0	0	515	614	
13	0	0	0	0	510	617	
14	0	0	0	0	509	613	
15	0	0	0	0	511	606	
0	0	0	0	0	511	600	
1	0	0	0	0	511	602	
2	0	0	0	0	514	608	
3	0	0	0	0	511	608	
4	0	0	0	0	515	605	
5	0	0	0	0	508	597	
6	0	0	0	0	508	597	
7	0	0	0	0	512	599	
8	0	0	0	0	512	599	
9	0	0	0	0	516	606	
10	0	0	0	0	515	612	
11	0	0	0	0	512	608	
12	0	0	0	0	512	604	
13	0	0	0	0	505	603	
14	0	0	0	0	503	606	
15	0	0	0	0	509	597	
0	0	0	0	0	504	584	
1	0	0	0	0	507	578	
2	0	0	0	0	508	582	
3	0	0	0	0	511	591	
4	0	0	0	0	515	600	
5	0	0	0	0	510	610	
6	0	0	0	0	513	618	
7	0	0	0	0	510	613	
8	0	0	0	0	522	608	
9	0	0	0	0	507	598	
10	0	0	0	0	509	603	
11	0	0	0	0	511	609	
12	0	0	0	0	511	608	
13	0	0	0	0	509	601	
14	0	0	0	0	512	603	
15	0	0	0	0	512	613	
0	0	0	0	0	510	617	
1	0	0	0	0	507	624	
2	0	0	0	0	509	629	
3	0	0	0	0	508	620	
4	0	0	0	0	509	615	
5	0	0	0	0	512	611	
6	0	0	0	0	507	612	
7	0	0	0	0	519	618	
8	0	0	0	0	503	601	
9	0	0	0	0	498	582	
10	0	0	0	0	507	586	
11	0	0	0	0	511	596	
12	0	0	0	0	504	610	
13	0	0	0	0	513	631	
14	0	0	0	0	514	652	
15	0	0	0	0	510	670	
0	0	0	0	0	516	678	
1	0	0	0	0	509	666	
2	0	0	0	0	507	650	
3	0	0	0	0	499	640	
4	0	0	0	0	502	627	
5	0	0	0	0	510	620	
6	0	0	0	0	510	613	
7	0	0	0	0	516	611	
8	0	0	0	0	498	607	
9	0	0	0	0	505	606	
10	0	0	0	0	502	604	
11	0	0	0	0	540	596	
12	0	0	0	0	507	588	
13	0	0	0	0	510	584	
14	0	0	0	0	508	575	
15	0	0	0	0	508	568	
0	0	0	0	0	516	564	
1	0	0	0	0	526	576	
2	0	0	0	0	518	603	
3	0	0	0	0	519	618	
4	0	0	0	0	522	630	
5	0	0	0	0	503	646	
6	0	0	0	0	527	641	
7	0	0	0	0	535	628	
8	0	0	0	0	553	623	
9	0	0	0	0	526	620	
10	0	0	0	0	453	623	
11	0	0	0	0	448	612	
12	0	0	0	0	449	607	
13	0	0	0	0	487	618	
14	0	0	0	0	489	629	
15	0	0	0	0	516	633	
0	0	0	0	0	504	644	
1	0	0	0	0	493	654	
2	0	0	0	0	509	656	
3	0	0	0	0	513	651	
4	0	0	0	0	503	642	
5	0	0	0	0	516	627	
6	0	0	0	0	516	615	
7	0	0	0	0	507	600	
8	0	0	0	0	549	586	
9	0	0	0	0	500	585	
10	0	0	0	0	501	583	
11	0	0	0	0	504	586	
12	0	0	0	0	483	591	
13	0	0	0	0	484	593	
14	0	0	0	0	507	602	
15	0	0	0	0	520	606	
0	0	0	0	0	507	609	
1	0	0	0	0	514	612	
2	0	0	0	0	581	615	
3	0	0	0	0	529	619	
4	0	0	0	0	494	615	
5	0	0	0	0	475	607	
6	0	0	0	0	478	610	
7	0	0	0	0	491	606	
8	0	0	0	0	504	600	
9	0	0	0	0	518	595	
10	0	0	0	0	527	593	
11	0	0	0	0	535	591	
12	0	0	0	0	521	593	
13	0	0	0	0	507	600	
14	0	0	0	0	515	609	
15	0	0	0	0	496	616	
0	0	0	0	0	513	626	
1	0	0	0	0	502	633	
2	0	0	0	0	526	629	
3	0	0	0	0	494	619	
4	0	0	0	0	499	608	
5	0	0	0	0	519	598	
6	0	0	0	0	516	592	
7	0	0	0	0	485	592	
8	0	0	0	0	536	608	
9	0	0	0	0	487	627	
10	0	0	0	0	520	643	
11	0	0	0	0	523	653	
12	0	0	0	0	502	656	
13	0	0	0	0	512	656	
14	0	0	0	0	529	648	
15	0	0	0	0	509	624	
0	0	0	0	0	531	611	
1	0	0	0	0	396	608	
2	0	0	0	0	622	608	
3	0	0	0	0	539	606	
4	0	0	0	0	487	606	
5	0	0	0	0	503	610	
6	0	0	0	0	532	615	
7	0	0	0	0	509	615	
8	0	0	0	0	513	622	
9	0	0	0	0	508	614	
10	0	0	0	0	502	617	
11	0	0	0	0	516	627	
12	0	0	0	0	519	632	
13	0	0	0	0	494	635	
14	0	0	0	0	490	639	
15	0	0	0	0	508	647	
0	0	0	0	0	542	647	
1	0	0	0	0	575	638	
2	0	0	0	0	521	627	
3	0	0	0	0	756	615	
4	0	0	0	0	173	606	
5	0	0	0	0	319	592	
6	0	0	0	0	494	603	
7	0	0	0	0	476	580	
8	0	0	0	0	452	574	
9	0	0	0	0	457	563	
10	0	0	0	0	492	551	
11	0	0	0	0	518	529	
12	0	0	0	0	536	543	
13	0	0	0	0	548	558	
14	0	0	0	0	525	541	
15	0	0	0	0	547	530	
0	0	0	0	0	695	537	
1	0	0	0	0	499	542	
2	0	0	0	0	374	544	
3	0	0	0	0	434	535	
4	0	0	0	0	480	544	
5	0	0	0	0	505	556	
6	0	0	0	0	504	563	
7	0	0	0	0	523	565	
8	0	0	0	0	511	565	
9	0	0	0	0	511	575	
10	0	0	0	0	513	588	
11	0	0	0	0	511	603	
12	0	0	0	0	515	611	
13	0	0	0	0	504	608	
14	0	0	0	0	496	609	
15	0	0	0	0	502	598	
0	0	0	0	0	462	591	
1	0	0	0	0	450	585	
2	0	0	0	0	386	589	
3	0	0	0	0	653	597	
4	0	0	0	0	614	606	
5	0	0	0	0	543	630	
6	0	0	0	0	535	638	
7	0	0	0	0	544	641	
8	0	0	0	0	522	655	
9	0	0	0	0	475	641	
10	0	0	0	0	475	643	
11	0	0	0	0	486	639	
12	0	0	0	0	485	633	
13	0	0	0	0	487	633	
14	0	0	0	0	512	628	
15	0	0	0	0	524	622	
0	0	0	0	0	518	616	
1	0	0	0	0	509	614	
2	0	0	0	0	517	611	
3	0	0	0	0	527	608	
4	0	0	0	0	519	611	
5	0	0	0	0	520	612	
6	0	0	0	0	511	615	
7	0	0	0	0	480	645	
8	0	0	0	0	516	641	
9	0	0	0	0	540	663	
10	0	0	0	0	542	579	
11	0	0	0	0	444	633	
12	0	0	0	0	486	633	
13	0	0	0	0	507	654	
14	0	0	0	0	487	676	
15	0	0	0	0	524	681	
0	0	0	0	0	532	652	
1	0	0	0	0	531	624	
2	0	0	0	0	524	619	
3	0	0	0	0	525	617	
4	0	0	0	0	518	624	
5	0	0	0	0	515	617	
6	0	0	0	0	496	608	
7	0	0	0	0	500	614	
8	0	0	0	0	492	615	
9	0	0	0	0	509	619	
10	0	0	0	0	516	618	
11	0	0	0	0	492	619	
12	0	0	0	0	514	604	
13	0	0	0	0	526	613	
14	0	0	0	0	517	618	
15	0	0	0	0	546	639	
0	0	0	0	0	531	665	
1	0	0	0	0	519	531	
2	0	0	0	0	515	644	
3	0	0	0	0	510	639	
4	0	0	0	0	498	590	
5	0	0	0	0	509	601	
6	0	0	0	0	527	605	
7	0	0	0	0	544	613	
8	0	0	0	0	601	609	
9	0	0	0	0	521	608	
10	0	0	0	0	326	605	
11	0	0	0	0	408	636	
12	0	0	0	0	496	645	
13	0	0	0	0	527	611	
14	0	0	0	0	521	593	
15	0	0	0	0	497	630	
0	0	0	0	0	496	603	
1	0	0	0	0	515	623	
2	0	0	0	0	515	636	
3	0	0	0	0	515	608	
4	0	0	0	0	516	623	
5	0	0	0	0	545	613	
6	0	0	0	0	658	604	
7	0	0	0	0	0	594	
8	0	0	0	0	1022	619	
9	0	0	0	0	358	606	
10	0	0	0	0	482	612	
11	0	0	0	0	504	620	
12	0	0	0	0	508	632	
13	0	0	0	0	509	622	
14	0	0	0	0	510	605	
15	0	0	0	0	510	608	
0	0	0	0	0	509	619	
1	0	0	0	0	510	628	
2	0	0	0	0	510	629	
3	0	0	0	0	510	619	
4	0	0	0	0	510	609	
5	0	0	0	0	510	619	
6	0	0	0	0	510	632	
7	0	0	0	0	510	616	
8	0	0	0	0	510	612	
9	0	0	0	0	504	627	
10	0	0	0	0	510	647	
11	0	0	0	0	512	624	
12	0	0	0	0	513	616	
13	0	0	0	0	504	621	
14	0	0	0	0	476	620	
15	0	0	0	0	445	632	
0	0	0	0	0	481	625	
1	0	0	0	0	520	627	
2	0	0	0	0	515	625	
3	0	0	0	0	493	623	
4	0	0	0	0	578	624	
5	0	0	0	0	508	624	
6	0	0	0	0	499	642	
7	0	0	0	0	516	617	
8	0	0	0	0	500	624	
9	0	0	0	0	508	634	
10	0	0	0	0	521	629	
11	0	0	0	0	534	622	
12	0	0	0	0	491	623	
13	0	0	0	0	499	620	
14	0	0	0	0	546	625	
15	0	0	0	0	454	627	
0	0	0	0	0	523	635	
1	0	0	0	0	536	626	
2	0	0	0	0	522	627	
3	0	0	0	0	521	624	
4	0	0	0	0	492	620	
5	0	0	0	0	512	617	
6	0	0	0	0	507	619	
7	0	0	0	0	519	620	
8	0	0	0	0	517	625	
9	0	0	0	0	509	625	
10	0	0	0	0	508	638	
11	0	0	0	0	512	647	
12	0	0	0	0	504	618	
13	0	0	0	0	506	630	
14	0	0	0	0	514	696	
15	0	0	0	0	513	587	
0	0	0	0	0	510	655	
1	0	0	0	0	516	599	
2	0	0	0	0	527	604	
3	0	0	0	0	510	626	
4	0	0	0	0	507	646	
5	0	0	0	0	496	633	
6	0	0	0	0	508	621	
7	0	0	0	0	511	640	
8	0	0	0	0	508	621	
9	0	0	0	0	505	617	
10	0	0	0	0	512	634	
11	0	0	0	0	511	549	
12	0	0	0	0	517	618	
13	0	0	0	0	510	611	
14	0	0	0	0	505	510	
15	0	0	0	0	519	559	
0	0	0	0	0	506	582	
1	0	0	0	0	515	639	
2	0	0	0	0	512	446	
3	0	0	0	0	498	585	
4	0	0	0	0	513	686	
5	0	0	0	0	523	433	
6	0	0	0	0	507	550	
7	0	0	0	0	499	436	
8	0	0	0	0	522	465	
9	0	0	0	0	518	596	
10	0	0	0	0	514	529	
11	0	0	0	0	513	538	
12	0	0	0	0	508	664	
13	0	0	0	0	488	687	
14	0	0	0	0	494	626	
15	0	0	0	0	504	597	
0	0	0	0	0	497	629	
1	0	0	0	0	494	645	
2	0	0	0	0	497	627	
3	0	0	0	0	524	641	
4	0	0	0	0	512	652	
5	0	0	0	0	517	617	
6	0	0	0	0	502	599	
7	0	0	0	0	521	625	
8	0	0	0	0	516	644	
9	0	0	0	0	501	633	
10	0	0	0	0	507	607	
11	0	0	0	0	514	615	
12	0	0	0	0	509	634	
13	0	0	0	0	507	632	
14	0	0	0	0	500	630	
15	0	0	0	0	512	614	
0	0	0	0	0	511	621	
1	0	0	0	0	509	626	
2	0	0	0	0	512	625	
3	0	0	0	0	517	624	
4	0	0	0	0	504	623	
5	0	0	0	0	508	623	
6	0	0	0	0	515	627	
7	0	0	0	0	514	625	
8	0	0	0	0	499	625	
9	0	0	0	0	525	626	
10	0	0	0	0	527	627	
11	0	0	0	0	518	627	
12	0	0	0	0	514	625	
13	0	0	0	0	518	624	
14	0	0	0	0	506	628	
15	0	0	0	0	504	630	
0	0	0	0	0	512	627	
1	0	0	0	0	516	624	
2	0	0	0	0	504	625	
3	0	0	0	0	513	628	
4	0	0	0	0	510	627	
5	0	0	0	0	512	626	
6	0	0	0	0	505	624	
7	0	0	0	0	504	626	
8	0	0	0	0	505	626	
9	0	0	0	0	502	626	
10	0	0	0	0	510	625	
11	0	0	0	0	509	625	
12	0	0	0	0	515	626	
13	0	0	0	0	512	627	
14	0	0	0	0	508	625	
15	0	0	0	0	509	625	
0	0	0	0	0	514	629	
1	0	0	0	0	507	629	
2	0	0	0	0	502	625	
3	0	0	0	0	518	625	
4	0	0	0	0	517	627	
5	0	0	0	0	508	628	
6	0	0	0	0	507	624	
7	0	0	0	0	518	625	
8	0	0	0	0	507	625	
9	0	0	0	0	508	625	
10	0	0	0	0	518	625	
11	0	0	0	0	510	626	
12	0	0	0	0	516	625	
13	0	0	0	0	499	625	
14	0	0	0	0	511	626	
15	0	0	0	0	505	627	
0	0	0	0	0	523	626	
1	0	0	0	0	520	628	
2	0	0	0	0	499	623	
3	0	0	0	0	514	621	
4	0	0	0	0	508	627	
5	0	0	0	0	507	630	
6	0	0	0	0	512	625	
7	0	0	0	0	512	622	
8	0	0	0	0	512	625	
9	0	0	0	0	502	627	
10	0	0	0	0	515	626	
11	0	0	0	0	512	628	
12	0	0	0	0	503	624	
13	0	0	0	0	512	625	
14	0	0	0	0	517	626	
15	0	0	0	0	517	628	
0	0	0	0	0	514	624	
1	0	0	0	0	517	624	
2	0	0	0	0	513	627	
3	0	0	0	0	507	627	
4	0	0	0	0	500	624	
5	0	0	0	0	502	624	
6	0	0	0	0	507	626	
7	0	0	0	0	510	627	
8	0	0	0	0	511	622	
9	0	0	0	0	508	622	
10	0	0	0	0	512	627	
11	0	0	0	0	516	628	
12	0	0	0	0	508	626	
13	0	0	0	0	509	626	
14	0	0	0	0	508	627	
15	0	0	0	0	518	627	
0	0	0	0	0	507	625	
1	0	0	0	0	507	624	
2	0	0	0	0	511	625	
3	0	0	0	0	504	626	
4	0	0	0	0	510	625	
5	0	0	0	0	514	624	
6	0	0	0	0	507	627	
7	0	0	0	0	510	626	
8	0	0	0	0	515	626	
9	0	0	0	0	512	626	
10	0	0	0	0	508	626	
11	0	0	0	0	504	626	
12	0	0	0	0	510	626	
13	0	0	0	0	511	625	
14	0	0	0	0	513	626	
15	0	0	0	0	508	625	
0	0	0	0	0	506	625	
1	0	0	0	0	511	625	
2	0	0	0	0	511	626	
3	0	0	0	0	510	626	
4	0	0	0	0	508	626	
5	0	0	0	0	512	626	
6	0	0	0	0	502	626	
7	0	0	0	0	518	626	
8	0	0	0	0	505	625	
9	0	0	0	0	507	626	
10	0	0	0	0	510	626	
11	0	0	0	0	514	625	
12	0	0	0	0	511	626	
13	0	0	0	0	511	626	
14	0	0	0	0	508	627	
15	0	0	0	0	511	626	
0	0	0	0	0	500	626	
1	0	0	0	0	504	626	
2	0	0	0	0	509	626	
3	0	0	0	0	507	626	
4	0	0	0	0	510	624	
5	0	0	0	0	504	627	
6	0	0	0	0	511	627	
7	0	0	0	0	496	624	
8	0	0	0	0	512	625	
9	0	0	0	0	512	626	
10	0	0	0	0	511	627	
11	0	0	0	0	508	625	
12	0	0	0	0	515	624	
13	0	0	0	0	504	626	
14	0	0	0	0	509	627	
15	0	0	0	0	508	624	
0	0	0	0	0	506	624	
1	0	0	0	0	508	626	
2	0	0	0	0	509	627	
3	0	0	0	0	507	625	
4	0	0	0	0	506	625	
5	0	0	0	0	515	627	
6	0	0	0	0	515	628	
7	0	0	0	0	509	628	
8	0	0	0	0	512	627	
9	0	0	0	0	510	625	
10	0	0	0	0	510	627	
11	0	0	0	0	511	627	
12	0	0	0	0	510	625	
13	0	0	0	0	507	625	
14	0	0	0	0	513	626	
15	0	0	0	0	508	627	
0	0	0	0	0	511	626	
1	0	0	0	0	508	626	
2	0	0	0	0	510	627	
3	0	0	0	0	508	626	
4	0	0	0	0	508	626	
5	0	0	0	0	511	626	
6	0	0	0	0	509	625	
7	0	0	0	0	512	625	
8	0	0	0	0	517	626	
9	0	0	0	0	509	625	
10	0	0	0	0	507	627	
11	0	0	0	0	512	626	
12	0	0	0	0	510	625	
13	0	0	0	0	512	625	
14	0	0	0	0	512	626	
15	0	0	0	0	506	626	
0	0	0	0	0	510	625	
1	0	0	0	0	509	625	
2	0	0	0	0	511	626	
3	0	0	0	0	515	626	
4	0	0	0	0	505	625	
5	0	0	0	0	513	626	
6	0	0	0	0	509	626	
7	0	0	0	0	509	625	
8	0	0	0	0	503	627	
9	0	0	0	0	510	625	
10	0	0	0	0	511	624	
11	0	0	0	0	511	627	
12	0	0	0	0	512	625	
13	0	0	0	0	509	625	
14	0	0	0	0	509	627	
15	0	0	0	0	505	625	
0	0	0	0	0	509	626	
1	0	0	0	0	511	626	
2	0	0	0	0	505	626	
3	0	0	0	0	508	627	
4	0	0	0	0	510	626	
5	0	0	0	0	514	626	
6	0	0	0	0	509	627	
7	0	0	0	0	508	625	
8	0	0	0	0	505	626	
9	0	0	0	0	504	627	
10	0	0	0	0	511	628	
11	0	0	0	0	507	624	
12	0	0	0	0	509	624	
13	0	0	0	0	511	628	
14	0	0	0	0	509	626	
15	0	0	0	0	514	625	
0	0	0	0	0	509	624	
1	0	0	0	0	510	627	
2	0	0	0	0	508	627	
3	0	0	0	0	512	624	
4	0	0	0	0	509	625	
5	0	0	0	0	507	627	
6	0	0	0	0	512	626	
7	0	0	0	0	510	626	
8	0	0	0	0	511	626	
9	0	0	0	0	515	626	
10	0	0	0	0	509	627	
11	0	0	0	0	510	625	
12	0	0	0	0	508	625	
13	0	0	0	0	511	626	
14	0	0	0	0	516	625	
15	0	0	0	0	513	626	
0	0	0	0	0	505	626	
1	0	0	0	0	510	626	
2	0	0	0	0	508	625	
3	0	0	0	0	510	626	
4	0	0	0	0	516	625	
5	0	0	0	0	511	625	
6	0	0	0	0	512	626	
7	0	0	0	0	510	626	
8	0	0	0	0	512	626	
9	0	0	0	0	514	627	
10	0	0	0	0	508	626	
11	0	0	0	0	504	625	
12	0	0	0	0	511	626	
13	0	0	0	0	507	626	
14	0	0	0	0	511	625	
15	0	0	0	0	510	625	
0	0	0	0	0	505	627	
1	0	0	0	0	504	626	
2	0	0	0	0	510	625	
3	0	0	0	0	512	624	
4	0	0	0	0	508	623	
5	0	0	0	0	507	623	
6	0	0	0	0	508	626	
7	0	0	0	0	513	625	
8	0	0	0	0	514	624	
9	0	0	0	0	509	626	
10	0	0	0	0	511	627	
11	0	0	0	0	510	626	
12	0	0	0	0	512	626	
13	0	0	0	0	512	627	
14	0	0	0	0	509	625	
15	0	0	0	0	512	626	
0	0	0	0	0	509	625	
1	0	0	0	0	510	625	
2	0	0	0	0	506	627	
3	0	0	0	0	510	626	
4	0	0	0	0	508	625	
5	0	0	0	0	507	626	
6	0	0	0	0	511	626	
7	0	0	0	0	510	625	
8	0	0	0	0	514	626	
9	0	0	0	0	507	626	
10	0	0	0	0	508	626	
11	0	0	0	0	512	625	
12	0	0	0	0	511	625	
13	0	0	0	0	506	625	
14	0	0	0	0	511	626	
15	0	0	0	0	509	626	
0	0	0	0	0	510	624	
1	0	0	0	0	513	625	
2	0	0	0	0	513	626	
3	0	0	0	0	506	625	
4	0	0	0	0	516	625	
5	0	0	0	0	508	627	
6	0	0	0	0	510	626	
7	0	0	0	0	509	626	
8	0	0	0	0	508	626	
9	0	0	0	0	512	626	
10	0	0	0	0	513	627	
11	0	0	0	0	511	626	
12	0	0	0	0	508	625	
13	0	0	0	0	507	627	
14	0	0	0	0	511	626	
15	0	0	0	0	509	626	
0	0	0	0	0	508	625	
1	0	0	0	0	516	626	
2	0	0	0	0	507	626	
3	0	0	0	0	509	625	
4	0	0	0	0	516	625	
5	0	0	0	0	515	626	
6	0	0	0	0	511	626	
7	0	0	0	0	511	626	
8	0	0	0	0	511	626	
9	0	0	0	0	507	626	
10	0	0	0	0	508	625	
11	0	0	0	0	511	626	
12	0	0	0	0	513	625	
13	0	0	0	0	516	626	
14	0	0	0	0	513	626	
15	0	0	0	0	518	627	
0	0	0	0	0	508	625	
1	0	0	0	0	507	626	
2	0	0	0	0	510	627	
3	0	0	0	0	513	626	
4	0	0	0	0	507	625	
5	0	0	0	0	512	625	
6	0	0	0	0	509	627	
7	0	0	0	0	514	625	
8	0	0	0	0	508	626	
9	0	0	0	0	509	626	
10	0	0	0	0	506	627	
11	0	0	0	0	515	625	
12	0	0	0	0	510	626	
13	0	0	0	0	512	626	
14	0	0	0	0	511	626	
15	0	0	0	0	512	625	
0	0	0	0	0	505	625	
1	0	0	0	0	506	626	
2	0	0	0	0	511	626	
3	0	0	0	0	509	625	
4	0	0	0	0	511	626	
5	0	0	0	0	502	626	
6	0	0	0	0	513	626	
7	0	0	0	0	509	625	
8	0	0	0	0	512	625	
9	0	0	0	0	507	626	
10	0	0	0	0	511	625	
11	0	0	0	0	506	625	
12	0	0	0	0	511	625	
13	0	0	0	0	508	627	
14	0	0	0	0	507	625	
15	0	0	0	0	509	624	
0	0	0	0	0	509	627	
1	0	0	0	0	508	626	
2	0	0	0	0	508	624	
3	0	0	0	0	513	625	
4	0	0	0	0	508	627	
5	0	0	0	0	511	626	
6	0	0	0	0	511	626	
7	0	0	0	0	512	626	
8	0	0	0	0	501	625	
9	0	0	0	0	509	626	
10	0	0	0	0	513	626	
11	0	0	0	0	514	626	
12	0	0	0	0	513	626	
13	0	0	0	0	510	626	
14	0	0	0	0	510	626	
15	0	0	0	0	509	626	
0	0	0	0	0	511	626	
1	0	0	0	0	509	626	
2	0	0	0	0	511	626	
3	0	0	0	0	512	625	
4	0	0	0	0	509	625	
5	0	0	0	0	510	625	
6	0	0	0	0	511	627	
7	0	0	0	0	516	626	
8	0	0	0	0	510	625	
9	0	0	0	0	511	626	
10	0	0	0	0	508	626	
11	0	0	0	0	508	626	
12	0	0	0	0	509	626	
13	0	0	0	0	511	626	
14	0	0	0	0	509	625	
15	0	0	0	0	508	626	
0	0	0	0	0	508	625	
1	0	0	0	0	507	626	
2	0	0	0	0	509	625	
3	0	0	0	0	511	623	
4	0	0	0	0	506	627	
5	0	0	0	0	509	624	
6	0	0	0	0	515	623	
7	0	0	0	0	510	627	
8	0	0	0	0	512	626	
9	0	0	0	0	508	624	
10	0	0	0	0	510	626	
11	0	0	0	0	509	627	
12	0	0	0	0	505	625	
13	0	0	0	0	509	626	
14	0	0	0	0	508	626	
15	0	0	0	0	503	625	
0	0	0	0	0	510	626	
1	0	0	0	0	510	626	
2	0	0	0	0	508	625	
3	0	0	0	0	506	626	
4	0	0	0	0	505	626	
5	0	0	0	0	513	626	
6	0	0	0	0	507	627	
7	0	0	0	0	504	626	
8	0	0	0	0	513	624	
9	0	0	0	0	509	626	
10	0	0	0	0	510	626	
11	0	0	0	0	508	625	
12	0	0	0	0	511	625	
13	0	0	0	0	511	626	
14	0	0	0	0	509	626	
15	0	0	0	0	511	626	
0	0	0	0	0	507	625	
1	0	0	0	0	510	625	
2	0	0	0	0	515	626	
3	0	0	0	0	515	625	
4	0	0	0	0	510	625	
5	0	0	0	0	515	625	
6	0	0	0	0	505	625	
7	0	0	0	0	507	627	
8	0	0	0	0	511	625	
9	0	0	0	0	510	626	
10	0	0	0	0	513	626	
11	0	0	0	0	509	626	
12	0	0	0	0	512	626	
13	0	0	0	0	508	626	
14	0	0	0	0	511	626	
15	0	0	0	0	510	625	
0	0	0	0	0	512	626	
1	0	0	0	0	515	626	
2	0	0	0	0	510	625	
3	0	0	0	0	511	626	
4	0	0	0	0	509	626	
5	0	0	0	0	511	626	
6	0	0	0	0	512	626	
7	0	0	0	0	510	626	
8	0	0	0	0	508	626	
9	0	0	0	0	515	627	
10	0	0	0	0	507	626	
11	0	0	0	0	509	625	
12	0	0	0	0	512	626	
13	0	0	0	0	509	626	
14	0	0	0	0	510	626	
15	0	0	0	0	512	627	
0	0	0	0	0	508	625	
1	0	0	0	0	513	626	
2	0	0	0	0	510	627	
3	0	0	0	0	504	626	
4	0	0	0	0	510	624	
5	0	0	0	0	513	626	
6	0	0	0	0	508	626	
7	0	0	0	0	513	626	
8	0	0	0	0	509	626	
9	0	0	0	0	510	625	
10	0	0	0	0	507	626	
11	0	0	0	0	512	627	
12	0	0	0	0	509	625	
13	0	0	0	0	510	625	
14	0	0	0	0	507	626	
15	0	0	0	0	511	626	
0	0	0	0	0	510	626	
1	0	0	0	0	511	626	
2	0	0	0	0	511	626	
3	0	0	0	0	511	625	
4	0	0	0	0	511	626	
