# OpenSignals Text File Format
# {"20:16:07:18:23:81": {"sensor": ["EMGBITREV", "ACCBITREV"], "device name": "20:16:07:18:23:81", "column": ["nSeq", "I1", "I2", "O1", "O2", "A1", "A5"], "sync interval": 2, "time": "12:10:36.956", "comments": "", "device connection": "/dev/tty.BITalino-DevB", "channels": [1, 5], "keywords": "", "mode": 0, "digital IO": [0, 0, 1, 1], "firmware version": 1281, "device": "bitalino_rev", "position": 0, "sampling rate": 100, "label": ["A1", "A5"], "resolution": [4, 1, 1, 1, 1, 10, 10], "date": "2018-2-19", "special": [{}, {}]}}
# EndOfHeader
0	0	0	0	0	527	628	
1	0	0	0	0	525	651	
2	0	0	0	0	513	602	
3	0	0	0	0	495	548	
4	0	0	0	0	499	507	
5	0	0	0	0	511	535	
6	0	0	0	0	533	582	
7	0	0	0	0	514	588	
8	0	0	0	0	475	600	
9	0	0	0	0	454	545	
10	0	0	0	0	498	520	
11	0	0	0	0	499	542	
12	0	0	0	0	509	564	
13	0	0	0	0	508	587	
14	0	0	0	0	517	592	
15	0	0	0	0	512	587	
0	0	0	0	0	514	516	
1	0	0	0	0	512	552	
2	0	0	0	0	513	605	
3	0	0	0	0	505	572	
4	0	0	0	0	511	528	
5	0	0	0	0	511	561	
6	0	0	0	0	518	630	
7	0	0	0	0	519	643	
8	0	0	0	0	496	614	
9	0	0	0	0	505	615	
10	0	0	0	0	501	628	
11	0	0	0	0	501	612	
12	0	0	0	0	502	619	
13	0	0	0	0	501	604	
14	0	0	0	0	501	600	
15	0	0	0	0	510	590	
0	0	0	0	0	492	563	
1	0	0	0	0	497	556	
2	0	0	0	0	522	541	
3	0	0	0	0	519	587	
4	0	0	0	0	530	588	
5	0	0	0	0	499	574	
6	0	0	0	0	510	598	
7	0	0	0	0	509	597	
8	0	0	0	0	514	567	
9	0	0	0	0	498	555	
10	0	0	0	0	505	557	
11	0	0	0	0	503	563	
12	0	0	0	0	511	561	
13	0	0	0	0	504	558	
14	0	0	0	0	531	566	
15	0	0	0	0	512	574	
0	0	0	0	0	510	581	
1	0	0	0	0	522	594	
2	0	0	0	0	514	600	
3	0	0	0	0	518	598	
4	0	0	0	0	526	593	
5	0	0	0	0	506	578	
6	0	0	0	0	554	582	
7	0	0	0	0	568	575	
8	0	0	0	0	528	581	
9	0	0	0	0	509	580	
10	0	0	0	0	505	564	
11	0	0	0	0	505	577	
12	0	0	0	0	504	573	
13	0	0	0	0	511	575	
14	0	0	0	0	492	540	
15	0	0	0	0	503	596	
0	0	0	0	0	511	608	
1	0	0	0	0	513	515	
2	0	0	0	0	519	645	
3	0	0	0	0	512	587	
4	0	0	0	0	513	549	
5	0	0	0	0	508	569	
6	0	0	0	0	505	572	
7	0	0	0	0	491	577	
8	0	0	0	0	497	592	
9	0	0	0	0	505	579	
10	0	0	0	0	508	565	
11	0	0	0	0	513	566	
12	0	0	0	0	505	563	
13	0	0	0	0	515	551	
14	0	0	0	0	496	550	
15	0	0	0	0	512	566	
0	0	0	0	0	497	575	
1	0	0	0	0	504	572	
2	0	0	0	0	500	567	
3	0	0	0	0	503	565	
4	0	0	0	0	510	568	
5	0	0	0	0	517	564	
6	0	0	0	0	515	568	
7	0	0	0	0	495	574	
8	0	0	0	0	496	566	
9	0	0	0	0	527	564	
10	0	0	0	0	505	561	
11	0	0	0	0	494	550	
12	0	0	0	0	517	545	
13	0	0	0	0	510	558	
14	0	0	0	0	519	553	
15	0	0	0	0	510	558	
0	0	0	0	0	513	569	
1	0	0	0	0	531	571	
2	0	0	0	0	509	567	
3	0	0	0	0	525	566	
4	0	0	0	0	508	566	
5	0	0	0	0	505	557	
6	0	0	0	0	501	558	
7	0	0	0	0	509	555	
8	0	0	0	0	523	556	
9	0	0	0	0	498	561	
10	0	0	0	0	512	559	
11	0	0	0	0	512	562	
12	0	0	0	0	497	564	
13	0	0	0	0	527	567	
14	0	0	0	0	535	568	
15	0	0	0	0	514	567	
0	0	0	0	0	504	556	
1	0	0	0	0	507	552	
2	0	0	0	0	506	548	
3	0	0	0	0	512	547	
4	0	0	0	0	496	549	
5	0	0	0	0	513	546	
6	0	0	0	0	520	545	
7	0	0	0	0	508	549	
8	0	0	0	0	500	557	
9	0	0	0	0	543	562	
10	0	0	0	0	509	563	
11	0	0	0	0	519	560	
12	0	0	0	0	505	556	
13	0	0	0	0	523	552	
14	0	0	0	0	500	550	
15	0	0	0	0	515	552	
0	0	0	0	0	484	550	
1	0	0	0	0	511	545	
2	0	0	0	0	499	546	
3	0	0	0	0	493	551	
4	0	0	0	0	496	554	
5	0	0	0	0	509	554	
6	0	0	0	0	482	556	
7	0	0	0	0	505	557	
8	0	0	0	0	521	552	
9	0	0	0	0	527	550	
10	0	0	0	0	505	549	
11	0	0	0	0	531	543	
12	0	0	0	0	509	547	
13	0	0	0	0	497	552	
14	0	0	0	0	504	550	
15	0	0	0	0	507	548	
0	0	0	0	0	504	553	
1	0	0	0	0	513	560	
2	0	0	0	0	530	560	
3	0	0	0	0	508	558	
4	0	0	0	0	507	554	
5	0	0	0	0	526	551	
6	0	0	0	0	519	549	
7	0	0	0	0	511	549	
8	0	0	0	0	509	546	
9	0	0	0	0	516	545	
10	0	0	0	0	511	545	
11	0	0	0	0	540	545	
12	0	0	0	0	510	551	
13	0	0	0	0	512	553	
14	0	0	0	0	503	551	
15	0	0	0	0	520	554	
0	0	0	0	0	490	551	
1	0	0	0	0	506	546	
2	0	0	0	0	518	542	
3	0	0	0	0	510	541	
4	0	0	0	0	506	543	
5	0	0	0	0	500	549	
6	0	0	0	0	509	554	
7	0	0	0	0	519	557	
8	0	0	0	0	520	562	
9	0	0	0	0	539	562	
10	0	0	0	0	497	551	
11	0	0	0	0	467	543	
12	0	0	0	0	548	539	
13	0	0	0	0	456	540	
14	0	0	0	0	516	559	
15	0	0	0	0	509	580	
0	0	0	0	0	518	574	
1	0	0	0	0	519	552	
2	0	0	0	0	485	532	
3	0	0	0	0	519	533	
4	0	0	0	0	495	551	
5	0	0	0	0	527	582	
6	0	0	0	0	526	604	
7	0	0	0	0	432	603	
8	0	0	0	0	574	580	
9	0	0	0	0	510	559	
10	0	0	0	0	536	548	
11	0	0	0	0	555	554	
12	0	0	0	0	486	562	
13	0	0	0	0	491	573	
14	0	0	0	0	522	585	
15	0	0	0	0	512	595	
0	0	0	0	0	452	609	
1	0	0	0	0	519	600	
2	0	0	0	0	505	574	
3	0	0	0	0	494	558	
4	0	0	0	0	516	564	
5	0	0	0	0	430	577	
6	0	0	0	0	512	583	
7	0	0	0	0	570	577	
8	0	0	0	0	420	572	
9	0	0	0	0	555	601	
10	0	0	0	0	525	631	
11	0	0	0	0	443	606	
12	0	0	0	0	477	563	
13	0	0	0	0	599	568	
14	0	0	0	0	414	581	
15	0	0	0	0	558	562	
0	0	0	0	0	463	548	
1	0	0	0	0	502	562	
2	0	0	0	0	434	591	
3	0	0	0	0	606	585	
4	0	0	0	0	408	584	
5	0	0	0	0	604	575	
6	0	0	0	0	618	562	
7	0	0	0	0	666	563	
8	0	0	0	0	344	581	
9	0	0	0	0	511	621	
10	0	0	0	0	550	631	
11	0	0	0	0	519	570	
12	0	0	0	0	495	545	
13	0	0	0	0	551	577	
14	0	0	0	0	433	615	
15	0	0	0	0	537	617	
0	0	0	0	0	487	648	
1	0	0	0	0	498	567	
2	0	0	0	0	533	575	
3	0	0	0	0	520	593	
4	0	0	0	0	559	606	
5	0	0	0	0	491	619	
6	0	0	0	0	572	608	
7	0	0	0	0	513	608	
8	0	0	0	0	510	597	
9	0	0	0	0	605	583	
10	0	0	0	0	491	613	
11	0	0	0	0	522	611	
12	0	0	0	0	499	625	
13	0	0	0	0	515	643	
14	0	0	0	0	368	637	
15	0	0	0	0	550	581	
0	0	0	0	0	604	610	
1	0	0	0	0	483	665	
2	0	0	0	0	606	671	
3	0	0	0	0	482	672	
4	0	0	0	0	544	670	
5	0	0	0	0	448	652	
6	0	0	0	0	541	653	
7	0	0	0	0	503	624	
8	0	0	0	0	476	546	
9	0	0	0	0	489	541	
10	0	0	0	0	383	604	
11	0	0	0	0	532	647	
12	0	0	0	0	559	684	
13	0	0	0	0	470	689	
14	0	0	0	0	558	625	
15	0	0	0	0	541	574	
0	0	0	0	0	588	547	
1	0	0	0	0	404	536	
2	0	0	0	0	563	515	
3	0	0	0	0	450	536	
4	0	0	0	0	576	592	
5	0	0	0	0	519	671	
6	0	0	0	0	539	718	
7	0	0	0	0	520	737	
8	0	0	0	0	475	679	
9	0	0	0	0	442	603	
10	0	0	0	0	527	564	
11	0	0	0	0	386	531	
12	0	0	0	0	612	510	
13	0	0	0	0	391	539	
14	0	0	0	0	573	575	
15	0	0	0	0	517	659	
0	0	0	0	0	428	708	
1	0	0	0	0	539	626	
2	0	0	0	0	525	572	
3	0	0	0	0	516	540	
4	0	0	0	0	435	468	
5	0	0	0	0	427	466	
6	0	0	0	0	510	499	
7	0	0	0	0	519	545	
8	0	0	0	0	443	591	
9	0	0	0	0	600	624	
10	0	0	0	0	519	626	
11	0	0	0	0	488	571	
12	0	0	0	0	526	546	
13	0	0	0	0	349	542	
14	0	0	0	0	533	526	
15	0	0	0	0	520	525	
0	0	0	0	0	493	546	
1	0	0	0	0	513	583	
2	0	0	0	0	505	619	
3	0	0	0	0	517	620	
4	0	0	0	0	512	615	
5	0	0	0	0	539	607	
6	0	0	0	0	476	601	
7	0	0	0	0	515	602	
8	0	0	0	0	512	618	
9	0	0	0	0	512	624	
10	0	0	0	0	502	633	
11	0	0	0	0	509	602	
12	0	0	0	0	513	583	
13	0	0	0	0	516	588	
14	0	0	0	0	499	621	
15	0	0	0	0	515	656	
0	0	0	0	0	523	671	
1	0	0	0	0	489	671	
2	0	0	0	0	513	654	
3	0	0	0	0	508	633	
4	0	0	0	0	511	610	
5	0	0	0	0	511	595	
6	0	0	0	0	515	580	
7	0	0	0	0	518	577	
8	0	0	0	0	504	580	
9	0	0	0	0	514	594	
10	0	0	0	0	514	602	
11	0	0	0	0	511	604	
12	0	0	0	0	507	595	
13	0	0	0	0	510	582	
14	0	0	0	0	510	576	
15	0	0	0	0	507	585	
0	0	0	0	0	511	601	
1	0	0	0	0	508	609	
2	0	0	0	0	502	614	
3	0	0	0	0	512	615	
4	0	0	0	0	516	615	
5	0	0	0	0	505	616	
6	0	0	0	0	520	622	
7	0	0	0	0	516	607	
8	0	0	0	0	505	582	
9	0	0	0	0	496	581	
10	0	0	0	0	500	600	
11	0	0	0	0	509	620	
12	0	0	0	0	510	636	
13	0	0	0	0	521	643	
14	0	0	0	0	520	633	
15	0	0	0	0	513	622	
0	0	0	0	0	511	601	
1	0	0	0	0	508	583	
2	0	0	0	0	508	571	
3	0	0	0	0	507	579	
4	0	0	0	0	510	612	
5	0	0	0	0	504	638	
6	0	0	0	0	515	651	
7	0	0	0	0	512	657	
8	0	0	0	0	507	661	
9	0	0	0	0	513	654	
10	0	0	0	0	512	636	
11	0	0	0	0	516	613	
12	0	0	0	0	500	584	
13	0	0	0	0	503	566	
14	0	0	0	0	511	583	
15	0	0	0	0	501	624	
0	0	0	0	0	511	660	
1	0	0	0	0	515	681	
2	0	0	0	0	510	680	
3	0	0	0	0	508	660	
4	0	0	0	0	509	642	
5	0	0	0	0	508	625	
6	0	0	0	0	505	605	
7	0	0	0	0	508	577	
8	0	0	0	0	505	569	
9	0	0	0	0	505	589	
10	0	0	0	0	508	624	
11	0	0	0	0	510	656	
12	0	0	0	0	512	667	
13	0	0	0	0	511	653	
14	0	0	0	0	513	634	
15	0	0	0	0	508	618	
0	0	0	0	0	511	612	
1	0	0	0	0	508	610	
2	0	0	0	0	512	615	
3	0	0	0	0	508	620	
4	0	0	0	0	508	619	
5	0	0	0	0	508	617	
6	0	0	0	0	510	618	
7	0	0	0	0	507	619	
8	0	0	0	0	513	624	
9	0	0	0	0	510	624	
10	0	0	0	0	512	622	
11	0	0	0	0	511	615	
12	0	0	0	0	510	609	
13	0	0	0	0	509	611	
14	0	0	0	0	510	609	
15	0	0	0	0	513	609	
0	0	0	0	0	511	615	
1	0	0	0	0	505	620	
2	0	0	0	0	514	618	
3	0	0	0	0	508	617	
4	0	0	0	0	505	615	
5	0	0	0	0	509	610	
6	0	0	0	0	510	607	
7	0	0	0	0	508	601	
8	0	0	0	0	507	603	
9	0	0	0	0	511	602	
10	0	0	0	0	505	600	
11	0	0	0	0	508	602	
12	0	0	0	0	507	605	
13	0	0	0	0	505	606	
14	0	0	0	0	518	604	
15	0	0	0	0	508	602	
0	0	0	0	0	509	599	
1	0	0	0	0	514	593	
2	0	0	0	0	512	590	
3	0	0	0	0	507	587	
4	0	0	0	0	508	588	
5	0	0	0	0	506	592	
6	0	0	0	0	508	592	
7	0	0	0	0	511	593	
8	0	0	0	0	510	591	
9	0	0	0	0	511	589	
10	0	0	0	0	515	584	
11	0	0	0	0	521	580	
12	0	0	0	0	512	577	
13	0	0	0	0	521	577	
14	0	0	0	0	506	577	
15	0	0	0	0	510	579	
0	0	0	0	0	508	584	
1	0	0	0	0	510	588	
2	0	0	0	0	506	588	
3	0	0	0	0	500	590	
4	0	0	0	0	493	586	
5	0	0	0	0	488	579	
6	0	0	0	0	506	574	
7	0	0	0	0	516	571	
8	0	0	0	0	523	569	
9	0	0	0	0	494	564	
10	0	0	0	0	497	566	
11	0	0	0	0	509	572	
12	0	0	0	0	509	572	
13	0	0	0	0	519	577	
14	0	0	0	0	512	580	
15	0	0	0	0	500	577	
0	0	0	0	0	515	574	
1	0	0	0	0	506	570	
2	0	0	0	0	505	563	
3	0	0	0	0	498	561	
4	0	0	0	0	495	561	
5	0	0	0	0	492	568	
6	0	0	0	0	526	576	
7	0	0	0	0	491	582	
8	0	0	0	0	514	585	
9	0	0	0	0	517	583	
10	0	0	0	0	526	579	
11	0	0	0	0	491	574	
12	0	0	0	0	493	572	
13	0	0	0	0	494	572	
14	0	0	0	0	526	566	
15	0	0	0	0	522	559	
0	0	0	0	0	511	552	
1	0	0	0	0	508	546	
2	0	0	0	0	514	548	
3	0	0	0	0	511	557	
4	0	0	0	0	497	569	
5	0	0	0	0	507	577	
6	0	0	0	0	546	576	
7	0	0	0	0	521	572	
8	0	0	0	0	499	564	
9	0	0	0	0	519	553	
10	0	0	0	0	498	548	
11	0	0	0	0	515	550	
12	0	0	0	0	528	554	
13	0	0	0	0	510	563	
14	0	0	0	0	520	569	
15	0	0	0	0	500	572	
0	0	0	0	0	501	589	
1	0	0	0	0	507	611	
2	0	0	0	0	532	625	
3	0	0	0	0	488	625	
4	0	0	0	0	504	590	
5	0	0	0	0	479	555	
6	0	0	0	0	518	547	
7	0	0	0	0	487	581	
8	0	0	0	0	551	615	
9	0	0	0	0	535	620	
10	0	0	0	0	505	596	
11	0	0	0	0	510	574	
12	0	0	0	0	531	576	
13	0	0	0	0	521	579	
14	0	0	0	0	430	589	
15	0	0	0	0	552	586	
0	0	0	0	0	496	606	
1	0	0	0	0	560	591	
2	0	0	0	0	527	580	
3	0	0	0	0	538	597	
4	0	0	0	0	512	605	
5	0	0	0	0	533	593	
6	0	0	0	0	612	578	
7	0	0	0	0	541	588	
8	0	0	0	0	399	597	
9	0	0	0	0	506	602	
10	0	0	0	0	509	602	
11	0	0	0	0	526	558	
12	0	0	0	0	567	566	
13	0	0	0	0	512	578	
14	0	0	0	0	469	604	
15	0	0	0	0	500	606	
0	0	0	0	0	594	601	
1	0	0	0	0	479	599	
2	0	0	0	0	442	571	
3	0	0	0	0	520	569	
4	0	0	0	0	504	593	
5	0	0	0	0	514	593	
6	0	0	0	0	541	622	
7	0	0	0	0	393	639	
8	0	0	0	0	603	649	
9	0	0	0	0	537	659	
10	0	0	0	0	467	570	
11	0	0	0	0	515	524	
12	0	0	0	0	473	604	
13	0	0	0	0	551	651	
14	0	0	0	0	492	635	
15	0	0	0	0	591	601	
0	0	0	0	0	527	614	
1	0	0	0	0	471	608	
2	0	0	0	0	505	583	
3	0	0	0	0	511	579	
4	0	0	0	0	479	604	
5	0	0	0	0	535	622	
6	0	0	0	0	440	612	
7	0	0	0	0	572	616	
8	0	0	0	0	468	634	
9	0	0	0	0	481	615	
10	0	0	0	0	424	604	
11	0	0	0	0	523	638	
12	0	0	0	0	481	654	
13	0	0	0	0	547	615	
14	0	0	0	0	455	601	
15	0	0	0	0	559	599	
0	0	0	0	0	483	582	
1	0	0	0	0	503	583	
2	0	0	0	0	466	613	
3	0	0	0	0	480	658	
4	0	0	0	0	506	686	
5	0	0	0	0	584	692	
6	0	0	0	0	480	700	
7	0	0	0	0	520	674	
8	0	0	0	0	519	615	
9	0	0	0	0	516	621	
10	0	0	0	0	533	613	
11	0	0	0	0	505	632	
12	0	0	0	0	585	669	
13	0	0	0	0	476	678	
14	0	0	0	0	536	671	
15	0	0	0	0	527	634	
0	0	0	0	0	534	614	
1	0	0	0	0	517	598	
2	0	0	0	0	536	542	
3	0	0	0	0	534	525	
4	0	0	0	0	407	546	
5	0	0	0	0	551	561	
6	0	0	0	0	524	601	
7	0	0	0	0	518	644	
8	0	0	0	0	537	679	
9	0	0	0	0	467	705	
10	0	0	0	0	614	641	
11	0	0	0	0	441	566	
12	0	0	0	0	507	519	
13	0	0	0	0	519	505	
14	0	0	0	0	544	487	
15	0	0	0	0	512	527	
0	0	0	0	0	471	576	
1	0	0	0	0	572	641	
2	0	0	0	0	516	655	
3	0	0	0	0	439	644	
4	0	0	0	0	520	612	
5	0	0	0	0	472	560	
6	0	0	0	0	576	540	
7	0	0	0	0	405	527	
8	0	0	0	0	552	516	
9	0	0	0	0	531	555	
10	0	0	0	0	515	575	
11	0	0	0	0	552	578	
12	0	0	0	0	486	598	
13	0	0	0	0	530	642	
14	0	0	0	0	513	653	
15	0	0	0	0	512	619	
0	0	0	0	0	499	600	
1	0	0	0	0	499	598	
2	0	0	0	0	514	602	
3	0	0	0	0	521	589	
4	0	0	0	0	510	586	
5	0	0	0	0	510	584	
6	0	0	0	0	510	584	
7	0	0	0	0	516	593	
8	0	0	0	0	518	608	
9	0	0	0	0	499	611	
10	0	0	0	0	512	614	
11	0	0	0	0	515	624	
12	0	0	0	0	504	633	
13	0	0	0	0	510	633	
14	0	0	0	0	510	625	
15	0	0	0	0	511	632	
0	0	0	0	0	511	620	
1	0	0	0	0	512	613	
2	0	0	0	0	508	598	
3	0	0	0	0	507	603	
4	0	0	0	0	510	609	
5	0	0	0	0	510	612	
6	0	0	0	0	510	608	
7	0	0	0	0	510	613	
8	0	0	0	0	506	618	
9	0	0	0	0	509	613	
10	0	0	0	0	509	604	
11	0	0	0	0	507	597	
12	0	0	0	0	508	603	
13	0	0	0	0	510	616	
14	0	0	0	0	513	625	
15	0	0	0	0	510	628	
0	0	0	0	0	520	623	
1	0	0	0	0	512	620	
2	0	0	0	0	514	626	
3	0	0	0	0	518	620	
4	0	0	0	0	506	590	
5	0	0	0	0	511	591	
6	0	0	0	0	509	599	
7	0	0	0	0	505	607	
8	0	0	0	0	508	614	
9	0	0	0	0	508	626	
10	0	0	0	0	514	629	
11	0	0	0	0	509	616	
12	0	0	0	0	510	601	
13	0	0	0	0	509	610	
14	0	0	0	0	512	619	
15	0	0	0	0	508	625	
0	0	0	0	0	515	635	
1	0	0	0	0	510	647	
2	0	0	0	0	506	653	
3	0	0	0	0	505	649	
4	0	0	0	0	508	640	
5	0	0	0	0	505	611	
6	0	0	0	0	504	588	
7	0	0	0	0	514	595	
8	0	0	0	0	511	624	
9	0	0	0	0	512	651	
10	0	0	0	0	517	664	
11	0	0	0	0	516	657	
12	0	0	0	0	507	638	
13	0	0	0	0	508	625	
14	0	0	0	0	505	620	
15	0	0	0	0	506	609	
0	0	0	0	0	513	598	
1	0	0	0	0	510	591	
2	0	0	0	0	513	592	
3	0	0	0	0	512	604	
4	0	0	0	0	520	625	
5	0	0	0	0	508	632	
6	0	0	0	0	507	628	
7	0	0	0	0	511	632	
8	0	0	0	0	507	634	
9	0	0	0	0	506	635	
10	0	0	0	0	508	630	
11	0	0	0	0	508	612	
12	0	0	0	0	507	600	
13	0	0	0	0	506	604	
14	0	0	0	0	514	621	
15	0	0	0	0	510	632	
0	0	0	0	0	508	640	
1	0	0	0	0	511	641	
2	0	0	0	0	507	632	
3	0	0	0	0	508	623	
4	0	0	0	0	510	617	
5	0	0	0	0	510	609	
6	0	0	0	0	511	596	
7	0	0	0	0	511	582	
8	0	0	0	0	508	576	
9	0	0	0	0	509	588	
10	0	0	0	0	510	606	
11	0	0	0	0	512	617	
12	0	0	0	0	508	621	
13	0	0	0	0	509	619	
14	0	0	0	0	506	620	
15	0	0	0	0	509	619	
0	0	0	0	0	505	614	
1	0	0	0	0	507	609	
2	0	0	0	0	517	607	
3	0	0	0	0	509	601	
4	0	0	0	0	507	596	
5	0	0	0	0	510	591	
6	0	0	0	0	505	592	
7	0	0	0	0	501	595	
8	0	0	0	0	503	600	
9	0	0	0	0	500	604	
10	0	0	0	0	511	604	
11	0	0	0	0	500	603	
12	0	0	0	0	518	599	
13	0	0	0	0	508	593	
14	0	0	0	0	522	590	
15	0	0	0	0	509	584	
0	0	0	0	0	507	580	
1	0	0	0	0	519	580	
2	0	0	0	0	501	584	
3	0	0	0	0	508	589	
4	0	0	0	0	513	591	
5	0	0	0	0	510	590	
6	0	0	0	0	511	585	
7	0	0	0	0	518	582	
8	0	0	0	0	534	585	
9	0	0	0	0	503	593	
10	0	0	0	0	499	599	
11	0	0	0	0	503	599	
12	0	0	0	0	511	590	
13	0	0	0	0	506	577	
14	0	0	0	0	504	572	
15	0	0	0	0	513	569	
0	0	0	0	0	500	579	
1	0	0	0	0	506	593	
2	0	0	0	0	501	597	
3	0	0	0	0	520	596	
4	0	0	0	0	504	595	
5	0	0	0	0	502	585	
6	0	0	0	0	508	581	
7	0	0	0	0	506	580	
8	0	0	0	0	524	577	
9	0	0	0	0	506	581	
10	0	0	0	0	510	582	
11	0	0	0	0	521	589	
12	0	0	0	0	511	598	
13	0	0	0	0	523	597	
14	0	0	0	0	504	595	
15	0	0	0	0	504	591	
0	0	0	0	0	510	588	
1	0	0	0	0	501	585	
2	0	0	0	0	510	591	
3	0	0	0	0	504	591	
4	0	0	0	0	508	591	
5	0	0	0	0	497	579	
6	0	0	0	0	508	574	
7	0	0	0	0	507	564	
8	0	0	0	0	522	547	
9	0	0	0	0	506	548	
10	0	0	0	0	508	556	
11	0	0	0	0	510	564	
12	0	0	0	0	506	581	
13	0	0	0	0	499	590	
14	0	0	0	0	512	591	
15	0	0	0	0	569	597	
0	0	0	0	0	499	600	
1	0	0	0	0	584	608	
2	0	0	0	0	444	621	
3	0	0	0	0	402	640	
4	0	0	0	0	483	662	
5	0	0	0	0	638	688	
6	0	0	0	0	501	681	
7	0	0	0	0	561	632	
8	0	0	0	0	504	591	
9	0	0	0	0	266	576	
10	0	0	0	0	553	575	
11	0	0	0	0	556	572	
12	0	0	0	0	486	566	
13	0	0	0	0	533	576	
14	0	0	0	0	570	597	
15	0	0	0	0	415	597	
0	0	0	0	0	588	575	
1	0	0	0	0	405	550	
2	0	0	0	0	506	543	
3	0	0	0	0	556	587	
4	0	0	0	0	573	626	
5	0	0	0	0	419	630	
6	0	0	0	0	591	593	
7	0	0	0	0	444	563	
8	0	0	0	0	522	562	
9	0	0	0	0	510	566	
10	0	0	0	0	526	574	
11	0	0	0	0	587	580	
12	0	0	0	0	340	600	
13	0	0	0	0	491	597	
14	0	0	0	0	583	627	
15	0	0	0	0	599	632	
0	0	0	0	0	452	597	
1	0	0	0	0	297	592	
2	0	0	0	0	609	611	
3	0	0	0	0	412	619	
4	0	0	0	0	543	607	
5	0	0	0	0	528	621	
6	0	0	0	0	559	646	
7	0	0	0	0	475	635	
8	0	0	0	0	473	625	
9	0	0	0	0	576	655	
10	0	0	0	0	475	630	
11	0	0	0	0	552	620	
12	0	0	0	0	743	624	
13	0	0	0	0	407	600	
14	0	0	0	0	603	641	
15	0	0	0	0	567	630	
0	0	0	0	0	600	610	
1	0	0	0	0	451	628	
2	0	0	0	0	551	608	
3	0	0	0	0	433	608	
4	0	0	0	0	576	624	
5	0	0	0	0	553	616	
6	0	0	0	0	464	610	
7	0	0	0	0	432	653	
8	0	0	0	0	418	667	
9	0	0	0	0	583	628	
10	0	0	0	0	578	621	
11	0	0	0	0	491	643	
12	0	0	0	0	533	617	
13	0	0	0	0	431	609	
14	0	0	0	0	636	638	
15	0	0	0	0	516	649	
0	0	0	0	0	531	622	
1	0	0	0	0	465	584	
2	0	0	0	0	620	569	
3	0	0	0	0	411	597	
4	0	0	0	0	510	609	
5	0	0	0	0	483	654	
6	0	0	0	0	524	704	
7	0	0	0	0	420	719	
8	0	0	0	0	495	749	
9	0	0	0	0	558	709	
10	0	0	0	0	473	571	
11	0	0	0	0	566	534	
12	0	0	0	0	587	566	
13	0	0	0	0	372	574	
14	0	0	0	0	569	608	
15	0	0	0	0	516	676	
0	0	0	0	0	483	707	
1	0	0	0	0	398	693	
2	0	0	0	0	603	603	
3	0	0	0	0	390	583	
4	0	0	0	0	389	557	
5	0	0	0	0	615	548	
6	0	0	0	0	476	591	
7	0	0	0	0	423	622	
8	0	0	0	0	625	669	
9	0	0	0	0	391	712	
10	0	0	0	0	533	722	
11	0	0	0	0	336	721	
12	0	0	0	0	644	647	
13	0	0	0	0	350	615	
14	0	0	0	0	585	628	
15	0	0	0	0	492	638	
0	0	0	0	0	469	608	
1	0	0	0	0	664	648	
2	0	0	0	0	434	680	
3	0	0	0	0	572	679	
4	0	0	0	0	479	636	
5	0	0	0	0	455	612	
6	0	0	0	0	453	586	
7	0	0	0	0	635	557	
8	0	0	0	0	363	562	
9	0	0	0	0	543	501	
10	0	0	0	0	517	430	
11	0	0	0	0	505	435	
12	0	0	0	0	467	444	
13	0	0	0	0	604	469	
14	0	0	0	0	488	529	
15	0	0	0	0	566	571	
0	0	0	0	0	482	627	
1	0	0	0	0	515	649	
2	0	0	0	0	478	633	
3	0	0	0	0	483	612	
4	0	0	0	0	498	590	
5	0	0	0	0	505	577	
6	0	0	0	0	510	561	
7	0	0	0	0	510	550	
8	0	0	0	0	513	548	
9	0	0	0	0	499	552	
10	0	0	0	0	516	559	
11	0	0	0	0	505	590	
12	0	0	0	0	519	641	
13	0	0	0	0	516	674	
14	0	0	0	0	518	685	
15	0	0	0	0	513	664	
0	0	0	0	0	509	649	
1	0	0	0	0	505	639	
2	0	0	0	0	510	601	
3	0	0	0	0	509	552	
4	0	0	0	0	504	527	
5	0	0	0	0	517	525	
6	0	0	0	0	511	529	
7	0	0	0	0	513	553	
8	0	0	0	0	510	579	
9	0	0	0	0	507	598	
10	0	0	0	0	515	625	
11	0	0	0	0	514	643	
12	0	0	0	0	515	636	
13	0	0	0	0	512	612	
14	0	0	0	0	515	588	
15	0	0	0	0	504	576	
0	0	0	0	0	511	587	
1	0	0	0	0	511	605	
2	0	0	0	0	510	615	
3	0	0	0	0	511	611	
4	0	0	0	0	519	596	
5	0	0	0	0	516	587	
6	0	0	0	0	517	581	
7	0	0	0	0	507	579	
8	0	0	0	0	507	583	
9	0	0	0	0	509	590	
10	0	0	0	0	507	606	
11	0	0	0	0	508	631	
12	0	0	0	0	505	639	
13	0	0	0	0	507	646	
14	0	0	0	0	508	645	
15	0	0	0	0	510	623	
0	0	0	0	0	509	598	
1	0	0	0	0	507	579	
2	0	0	0	0	511	572	
3	0	0	0	0	509	600	
4	0	0	0	0	510	628	
5	0	0	0	0	511	646	
6	0	0	0	0	511	661	
7	0	0	0	0	516	663	
8	0	0	0	0	509	670	
9	0	0	0	0	510	669	
10	0	0	0	0	506	630	
11	0	0	0	0	510	589	
12	0	0	0	0	497	573	
13	0	0	0	0	505	588	
14	0	0	0	0	509	629	
15	0	0	0	0	511	652	
0	0	0	0	0	512	662	
1	0	0	0	0	518	659	
2	0	0	0	0	511	641	
3	0	0	0	0	507	619	
4	0	0	0	0	505	603	
5	0	0	0	0	504	598	
6	0	0	0	0	508	603	
7	0	0	0	0	512	616	
8	0	0	0	0	511	634	
9	0	0	0	0	518	644	
10	0	0	0	0	512	646	
11	0	0	0	0	519	639	
12	0	0	0	0	508	627	
13	0	0	0	0	511	619	
14	0	0	0	0	511	613	
15	0	0	0	0	506	611	
0	0	0	0	0	506	614	
1	0	0	0	0	515	624	
2	0	0	0	0	506	633	
3	0	0	0	0	507	634	
4	0	0	0	0	513	636	
5	0	0	0	0	509	638	
6	0	0	0	0	510	624	
7	0	0	0	0	508	616	
8	0	0	0	0	513	617	
9	0	0	0	0	503	621	
10	0	0	0	0	496	625	
11	0	0	0	0	514	628	
12	0	0	0	0	511	636	
13	0	0	0	0	508	643	
14	0	0	0	0	516	637	
15	0	0	0	0	513	631	
0	0	0	0	0	507	628	
1	0	0	0	0	507	625	
2	0	0	0	0	506	617	
3	0	0	0	0	509	614	
4	0	0	0	0	509	616	
5	0	0	0	0	507	618	
6	0	0	0	0	515	616	
7	0	0	0	0	506	615	
8	0	0	0	0	521	613	
9	0	0	0	0	508	615	
10	0	0	0	0	511	615	
11	0	0	0	0	507	615	
12	0	0	0	0	512	611	
13	0	0	0	0	511	613	
14	0	0	0	0	513	617	
15	0	0	0	0	517	615	
0	0	0	0	0	505	612	
1	0	0	0	0	510	611	
2	0	0	0	0	518	605	
3	0	0	0	0	507	600	
4	0	0	0	0	504	595	
5	0	0	0	0	502	592	
6	0	0	0	0	507	589	
7	0	0	0	0	516	590	
8	0	0	0	0	505	590	
9	0	0	0	0	526	589	
10	0	0	0	0	501	593	
11	0	0	0	0	521	601	
12	0	0	0	0	492	600	
13	0	0	0	0	508	595	
14	0	0	0	0	541	584	
15	0	0	0	0	507	570	
0	0	0	0	0	515	562	
1	0	0	0	0	513	566	
2	0	0	0	0	518	581	
3	0	0	0	0	501	592	
4	0	0	0	0	484	599	
5	0	0	0	0	543	604	
6	0	0	0	0	517	601	
7	0	0	0	0	505	598	
8	0	0	0	0	494	597	
9	0	0	0	0	508	598	
10	0	0	0	0	512	599	
11	0	0	0	0	508	597	
12	0	0	0	0	502	596	
13	0	0	0	0	533	595	
14	0	0	0	0	523	587	
15	0	0	0	0	523	580	
0	0	0	0	0	508	578	
1	0	0	0	0	505	573	
2	0	0	0	0	508	571	
3	0	0	0	0	465	574	
4	0	0	0	0	512	579	
5	0	0	0	0	534	585	
6	0	0	0	0	536	581	
7	0	0	0	0	541	571	
8	0	0	0	0	551	559	
9	0	0	0	0	455	542	
10	0	0	0	0	578	542	
11	0	0	0	0	500	562	
12	0	0	0	0	518	577	
13	0	0	0	0	510	583	
14	0	0	0	0	533	583	
15	0	0	0	0	501	573	
0	0	0	0	0	523	570	
1	0	0	0	0	530	564	
2	0	0	0	0	541	552	
3	0	0	0	0	604	544	
4	0	0	0	0	507	546	
5	0	0	0	0	573	557	
6	0	0	0	0	469	578	
7	0	0	0	0	475	622	
8	0	0	0	0	591	665	
9	0	0	0	0	465	677	
10	0	0	0	0	532	665	
11	0	0	0	0	556	602	
12	0	0	0	0	480	576	
13	0	0	0	0	492	614	
14	0	0	0	0	539	661	
15	0	0	0	0	467	711	
0	0	0	0	0	525	689	
1	0	0	0	0	423	616	
2	0	0	0	0	587	568	
3	0	0	0	0	488	552	
4	0	0	0	0	364	597	
5	0	0	0	0	559	604	
6	0	0	0	0	398	634	
7	0	0	0	0	512	632	
8	0	0	0	0	672	603	
9	0	0	0	0	451	606	
10	0	0	0	0	503	581	
11	0	0	0	0	552	593	
12	0	0	0	0	523	601	
13	0	0	0	0	531	572	
14	0	0	0	0	591	563	
15	0	0	0	0	504	575	
0	0	0	0	0	473	592	
1	0	0	0	0	566	579	
2	0	0	0	0	423	595	
3	0	0	0	0	385	615	
4	0	0	0	0	612	594	
5	0	0	0	0	448	572	
6	0	0	0	0	560	598	
7	0	0	0	0	531	626	
8	0	0	0	0	588	625	
9	0	0	0	0	571	647	
10	0	0	0	0	440	675	
11	0	0	0	0	493	607	
12	0	0	0	0	444	572	
13	0	0	0	0	531	555	
14	0	0	0	0	468	619	
15	0	0	0	0	458	662	
0	0	0	0	0	469	678	
1	0	0	0	0	396	631	
2	0	0	0	0	629	622	
3	0	0	0	0	444	622	
4	0	0	0	0	507	579	
5	0	0	0	0	582	570	
6	0	0	0	0	398	613	
7	0	0	0	0	551	635	
8	0	0	0	0	555	648	
9	0	0	0	0	457	651	
10	0	0	0	0	438	697	
11	0	0	0	0	559	697	
12	0	0	0	0	521	642	
13	0	0	0	0	520	617	
14	0	0	0	0	504	655	
15	0	0	0	0	475	685	
0	0	0	0	0	479	640	
1	0	0	0	0	480	562	
2	0	0	0	0	691	557	
3	0	0	0	0	417	566	
4	0	0	0	0	592	527	
5	0	0	0	0	649	547	
6	0	0	0	0	475	600	
7	0	0	0	0	517	607	
8	0	0	0	0	523	625	
9	0	0	0	0	588	643	
10	0	0	0	0	414	578	
11	0	0	0	0	519	551	
12	0	0	0	0	591	539	
13	0	0	0	0	547	519	
14	0	0	0	0	608	559	
15	0	0	0	0	526	629	
0	0	0	0	0	543	655	
1	0	0	0	0	403	671	
2	0	0	0	0	505	658	
3	0	0	0	0	532	647	
4	0	0	0	0	487	625	
5	0	0	0	0	530	584	
6	0	0	0	0	521	611	
7	0	0	0	0	542	634	
8	0	0	0	0	617	632	
9	0	0	0	0	287	651	
10	0	0	0	0	558	655	
11	0	0	0	0	567	653	
12	0	0	0	0	474	675	
13	0	0	0	0	558	659	
14	0	0	0	0	427	541	
15	0	0	0	0	595	514	
0	0	0	0	0	385	524	
1	0	0	0	0	565	476	
2	0	0	0	0	542	482	
3	0	0	0	0	438	508	
4	0	0	0	0	564	504	
5	0	0	0	0	471	543	
6	0	0	0	0	509	556	
7	0	0	0	0	512	559	
8	0	0	0	0	547	622	
9	0	0	0	0	536	632	
10	0	0	0	0	498	598	
11	0	0	0	0	542	588	
12	0	0	0	0	480	592	
13	0	0	0	0	516	573	
14	0	0	0	0	553	563	
15	0	0	0	0	420	531	
0	0	0	0	0	495	548	
1	0	0	0	0	492	590	
2	0	0	0	0	522	606	
3	0	0	0	0	512	636	
4	0	0	0	0	513	654	
5	0	0	0	0	516	650	
6	0	0	0	0	518	627	
7	0	0	0	0	510	601	
8	0	0	0	0	514	586	
9	0	0	0	0	498	585	
10	0	0	0	0	503	601	
11	0	0	0	0	520	606	
12	0	0	0	0	510	601	
13	0	0	0	0	504	614	
14	0	0	0	0	505	639	
15	0	0	0	0	525	652	
0	0	0	0	0	498	643	
1	0	0	0	0	518	637	
2	0	0	0	0	510	633	
3	0	0	0	0	512	627	
4	0	0	0	0	513	607	
5	0	0	0	0	503	595	
6	0	0	0	0	515	591	
7	0	0	0	0	504	594	
8	0	0	0	0	523	597	
9	0	0	0	0	509	595	
10	0	0	0	0	513	616	
11	0	0	0	0	510	635	
12	0	0	0	0	504	647	
13	0	0	0	0	504	647	
14	0	0	0	0	505	639	
15	0	0	0	0	510	626	
0	0	0	0	0	510	612	
1	0	0	0	0	517	595	
2	0	0	0	0	509	582	
3	0	0	0	0	513	568	
4	0	0	0	0	510	560	
5	0	0	0	0	504	567	
6	0	0	0	0	504	579	
7	0	0	0	0	513	615	
8	0	0	0	0	514	633	
9	0	0	0	0	515	644	
10	0	0	0	0	519	653	
11	0	0	0	0	515	647	
12	0	0	0	0	508	621	
13	0	0	0	0	502	596	
14	0	0	0	0	503	576	
15	0	0	0	0	507	575	
0	0	0	0	0	507	604	
1	0	0	0	0	505	635	
2	0	0	0	0	509	657	
3	0	0	0	0	512	676	
4	0	0	0	0	510	668	
5	0	0	0	0	509	641	
6	0	0	0	0	505	622	
7	0	0	0	0	508	594	
8	0	0	0	0	503	577	
9	0	0	0	0	511	576	
10	0	0	0	0	516	597	
11	0	0	0	0	531	621	
12	0	0	0	0	491	641	
13	0	0	0	0	515	659	
14	0	0	0	0	519	669	
15	0	0	0	0	521	673	
0	0	0	0	0	481	664	
1	0	0	0	0	508	621	
2	0	0	0	0	500	579	
3	0	0	0	0	521	561	
4	0	0	0	0	494	575	
5	0	0	0	0	524	612	
6	0	0	0	0	500	651	
7	0	0	0	0	519	666	
8	0	0	0	0	520	657	
9	0	0	0	0	508	639	
10	0	0	0	0	503	629	
11	0	0	0	0	505	625	
12	0	0	0	0	512	619	
13	0	0	0	0	507	618	
14	0	0	0	0	512	600	
15	0	0	0	0	523	589	
0	0	0	0	0	505	588	
1	0	0	0	0	518	597	
2	0	0	0	0	513	607	
3	0	0	0	0	519	629	
4	0	0	0	0	516	641	
5	0	0	0	0	503	639	
6	0	0	0	0	493	636	
7	0	0	0	0	500	625	
8	0	0	0	0	504	606	
9	0	0	0	0	484	594	
10	0	0	0	0	508	591	
11	0	0	0	0	512	597	
12	0	0	0	0	511	606	
13	0	0	0	0	510	608	
14	0	0	0	0	513	614	
15	0	0	0	0	506	614	
0	0	0	0	0	513	613	
1	0	0	0	0	517	615	
2	0	0	0	0	501	613	
3	0	0	0	0	505	616	
4	0	0	0	0	510	619	
5	0	0	0	0	511	617	
6	0	0	0	0	499	613	
7	0	0	0	0	520	608	
8	0	0	0	0	506	588	
9	0	0	0	0	523	567	
10	0	0	0	0	510	551	
11	0	0	0	0	514	547	
12	0	0	0	0	505	561	
13	0	0	0	0	500	588	
14	0	0	0	0	498	611	
15	0	0	0	0	519	616	
0	0	0	0	0	503	624	
1	0	0	0	0	488	616	
2	0	0	0	0	522	601	
3	0	0	0	0	509	598	
4	0	0	0	0	520	593	
5	0	0	0	0	515	585	
6	0	0	0	0	504	584	
7	0	0	0	0	520	585	
8	0	0	0	0	500	582	
9	0	0	0	0	534	582	
10	0	0	0	0	509	584	
11	0	0	0	0	517	591	
12	0	0	0	0	527	591	
13	0	0	0	0	515	592	
14	0	0	0	0	513	592	
15	0	0	0	0	479	590	
0	0	0	0	0	477	587	
1	0	0	0	0	505	583	
2	0	0	0	0	519	575	
3	0	0	0	0	513	571	
4	0	0	0	0	496	572	
5	0	0	0	0	483	578	
6	0	0	0	0	507	586	
7	0	0	0	0	507	588	
8	0	0	0	0	497	590	
9	0	0	0	0	529	591	
10	0	0	0	0	506	585	
11	0	0	0	0	508	578	
12	0	0	0	0	517	578	
13	0	0	0	0	525	580	
14	0	0	0	0	499	584	
15	0	0	0	0	521	583	
0	0	0	0	0	505	591	
1	0	0	0	0	527	608	
2	0	0	0	0	514	622	
3	0	0	0	0	504	645	
4	0	0	0	0	519	664	
5	0	0	0	0	494	661	
6	0	0	0	0	497	647	
7	0	0	0	0	527	634	
8	0	0	0	0	513	588	
9	0	0	0	0	476	531	
10	0	0	0	0	494	541	
11	0	0	0	0	533	608	
12	0	0	0	0	508	676	
13	0	0	0	0	468	688	
14	0	0	0	0	529	637	
15	0	0	0	0	525	588	
0	0	0	0	0	517	576	
1	0	0	0	0	498	568	
2	0	0	0	0	529	581	
3	0	0	0	0	475	619	
4	0	0	0	0	517	650	
5	0	0	0	0	545	634	
6	0	0	0	0	496	613	
7	0	0	0	0	515	581	
8	0	0	0	0	475	560	
9	0	0	0	0	586	549	
10	0	0	0	0	516	567	
11	0	0	0	0	504	574	
12	0	0	0	0	491	571	
13	0	0	0	0	482	576	
14	0	0	0	0	507	564	
15	0	0	0	0	473	575	
0	0	0	0	0	498	594	
1	0	0	0	0	551	577	
2	0	0	0	0	419	567	
3	0	0	0	0	501	572	
4	0	0	0	0	561	606	
5	0	0	0	0	468	618	
6	0	0	0	0	591	604	
7	0	0	0	0	490	597	
8	0	0	0	0	523	589	
9	0	0	0	0	486	600	
10	0	0	0	0	486	618	
11	0	0	0	0	461	635	
12	0	0	0	0	529	594	
13	0	0	0	0	600	587	
14	0	0	0	0	488	618	
15	0	0	0	0	498	600	
0	0	0	0	0	569	621	
1	0	0	0	0	480	637	
2	0	0	0	0	557	634	
3	0	0	0	0	504	603	
4	0	0	0	0	444	602	
5	0	0	0	0	463	609	
6	0	0	0	0	554	591	
7	0	0	0	0	469	649	
8	0	0	0	0	539	673	
9	0	0	0	0	465	636	
10	0	0	0	0	568	590	
11	0	0	0	0	505	603	
12	0	0	0	0	416	583	
13	0	0	0	0	416	579	
14	0	0	0	0	512	620	
15	0	0	0	0	563	635	
0	0	0	0	0	476	638	
1	0	0	0	0	513	671	
2	0	0	0	0	442	650	
3	0	0	0	0	567	576	
4	0	0	0	0	448	603	
5	0	0	0	0	530	580	
6	0	0	0	0	532	616	
7	0	0	0	0	429	656	
8	0	0	0	0	511	661	
9	0	0	0	0	509	693	
10	0	0	0	0	618	705	
11	0	0	0	0	419	551	
12	0	0	0	0	514	516	
13	0	0	0	0	535	566	
14	0	0	0	0	465	582	
15	0	0	0	0	507	628	
0	0	0	0	0	463	682	
1	0	0	0	0	481	716	
2	0	0	0	0	481	728	
3	0	0	0	0	551	672	
4	0	0	0	0	503	571	
5	0	0	0	0	632	562	
6	0	0	0	0	540	562	
7	0	0	0	0	481	597	
8	0	0	0	0	693	667	
9	0	0	0	0	467	716	
10	0	0	0	0	608	774	
11	0	0	0	0	495	779	
12	0	0	0	0	543	644	
13	0	0	0	0	488	564	
14	0	0	0	0	558	545	
15	0	0	0	0	391	520	
0	0	0	0	0	531	490	
1	0	0	0	0	519	512	
2	0	0	0	0	521	567	
3	0	0	0	0	544	611	
4	0	0	0	0	503	594	
5	0	0	0	0	483	572	
6	0	0	0	0	652	581	
7	0	0	0	0	394	551	
8	0	0	0	0	567	524	
9	0	0	0	0	466	525	
10	0	0	0	0	550	527	
11	0	0	0	0	480	509	
12	0	0	0	0	509	536	
13	0	0	0	0	534	607	
14	0	0	0	0	527	654	
15	0	0	0	0	492	638	
0	0	0	0	0	508	607	
1	0	0	0	0	500	599	
2	0	0	0	0	493	572	
3	0	0	0	0	437	555	
4	0	0	0	0	534	558	
5	0	0	0	0	516	573	
6	0	0	0	0	483	590	
7	0	0	0	0	511	624	
8	0	0	0	0	516	662	
9	0	0	0	0	512	661	
10	0	0	0	0	512	644	
11	0	0	0	0	508	620	
12	0	0	0	0	506	612	
13	0	0	0	0	508	605	
14	0	0	0	0	502	595	
15	0	0	0	0	518	595	
0	0	0	0	0	521	588	
1	0	0	0	0	509	589	
2	0	0	0	0	506	591	
3	0	0	0	0	510	608	
4	0	0	0	0	515	630	
5	0	0	0	0	507	647	
6	0	0	0	0	512	635	
7	0	0	0	0	508	624	
8	0	0	0	0	507	616	
9	0	0	0	0	518	607	
10	0	0	0	0	510	603	
11	0	0	0	0	511	603	
12	0	0	0	0	518	602	
13	0	0	0	0	513	600	
14	0	0	0	0	508	608	
15	0	0	0	0	516	620	
0	0	0	0	0	504	626	
1	0	0	0	0	510	634	
2	0	0	0	0	509	625	
3	0	0	0	0	510	610	
4	0	0	0	0	510	592	
5	0	0	0	0	508	579	
6	0	0	0	0	512	583	
7	0	0	0	0	511	601	
8	0	0	0	0	513	614	
9	0	0	0	0	514	613	
10	0	0	0	0	512	614	
11	0	0	0	0	509	619	
12	0	0	0	0	511	627	
13	0	0	0	0	505	626	
14	0	0	0	0	508	606	
15	0	0	0	0	506	587	
0	0	0	0	0	508	577	
1	0	0	0	0	508	597	
2	0	0	0	0	513	627	
3	0	0	0	0	511	647	
4	0	0	0	0	510	644	
5	0	0	0	0	510	628	
6	0	0	0	0	507	619	
7	0	0	0	0	510	624	
8	0	0	0	0	504	627	
9	0	0	0	0	509	611	
10	0	0	0	0	509	589	
11	0	0	0	0	511	576	
12	0	0	0	0	507	588	
13	0	0	0	0	512	611	
14	0	0	0	0	512	632	
15	0	0	0	0	515	643	
0	0	0	0	0	515	642	
1	0	0	0	0	504	638	
2	0	0	0	0	503	636	
3	0	0	0	0	505	624	
4	0	0	0	0	510	608	
5	0	0	0	0	507	579	
6	0	0	0	0	509	556	
7	0	0	0	0	518	563	
8	0	0	0	0	516	586	
9	0	0	0	0	517	604	
10	0	0	0	0	512	624	
11	0	0	0	0	510	639	
12	0	0	0	0	511	644	
13	0	0	0	0	499	676	
14	0	0	0	0	514	686	
15	0	0	0	0	505	674	
0	0	0	0	0	508	650	
1	0	0	0	0	519	622	
2	0	0	0	0	517	605	
3	0	0	0	0	528	597	
4	0	0	0	0	515	596	
5	0	0	0	0	505	605	
6	0	0	0	0	498	616	
7	0	0	0	0	502	622	
8	0	0	0	0	492	627	
9	0	0	0	0	507	632	
10	0	0	0	0	512	635	
11	0	0	0	0	499	631	
12	0	0	0	0	508	624	
13	0	0	0	0	517	614	
14	0	0	0	0	508	602	
15	0	0	0	0	503	586	
0	0	0	0	0	501	582	
1	0	0	0	0	499	578	
2	0	0	0	0	503	580	
3	0	0	0	0	518	586	
4	0	0	0	0	491	585	
5	0	0	0	0	504	579	
6	0	0	0	0	503	576	
7	0	0	0	0	499	568	
8	0	0	0	0	534	575	
9	0	0	0	0	528	589	
10	0	0	0	0	504	596	
11	0	0	0	0	514	606	
12	0	0	0	0	507	604	
13	0	0	0	0	496	600	
14	0	0	0	0	553	591	
15	0	0	0	0	502	580	
0	0	0	0	0	513	576	
1	0	0	0	0	518	573	
2	0	0	0	0	508	576	
3	0	0	0	0	522	582	
4	0	0	0	0	531	587	
5	0	0	0	0	492	590	
6	0	0	0	0	483	591	
7	0	0	0	0	507	590	
8	0	0	0	0	507	585	
9	0	0	0	0	494	580	
10	0	0	0	0	523	574	
11	0	0	0	0	480	568	
12	0	0	0	0	521	563	
13	0	0	0	0	529	561	
14	0	0	0	0	503	560	
15	0	0	0	0	514	558	
0	0	0	0	0	494	556	
1	0	0	0	0	494	560	
2	0	0	0	0	521	563	
3	0	0	0	0	512	566	
4	0	0	0	0	504	568	
5	0	0	0	0	499	558	
6	0	0	0	0	515	551	
7	0	0	0	0	519	554	
8	0	0	0	0	494	563	
9	0	0	0	0	510	569	
10	0	0	0	0	508	563	
11	0	0	0	0	492	561	
12	0	0	0	0	515	562	
13	0	0	0	0	514	564	
14	0	0	0	0	494	567	
15	0	0	0	0	510	581	
0	0	0	0	0	531	592	
1	0	0	0	0	532	607	
2	0	0	0	0	503	634	
3	0	0	0	0	497	610	
4	0	0	0	0	557	572	
5	0	0	0	0	492	567	
6	0	0	0	0	498	572	
7	0	0	0	0	560	604	
8	0	0	0	0	446	655	
9	0	0	0	0	519	690	
10	0	0	0	0	496	687	
11	0	0	0	0	475	661	
12	0	0	0	0	486	618	
13	0	0	0	0	586	596	
14	0	0	0	0	484	617	
15	0	0	0	0	559	619	
0	0	0	0	0	373	624	
1	0	0	0	0	543	601	
2	0	0	0	0	566	592	
3	0	0	0	0	467	596	
4	0	0	0	0	604	591	
5	0	0	0	0	366	639	
6	0	0	0	0	556	615	
7	0	0	0	0	480	618	
8	0	0	0	0	543	626	
9	0	0	0	0	580	590	
10	0	0	0	0	475	543	
11	0	0	0	0	558	498	
12	0	0	0	0	510	534	
13	0	0	0	0	402	561	
14	0	0	0	0	502	600	
15	0	0	0	0	483	611	
0	0	0	0	0	426	544	
1	0	0	0	0	665	548	
2	0	0	0	0	495	574	
3	0	0	0	0	578	563	
4	0	0	0	0	350	577	
5	0	0	0	0	524	589	
6	0	0	0	0	564	582	
7	0	0	0	0	553	580	
8	0	0	0	0	586	588	
9	0	0	0	0	406	612	
10	0	0	0	0	527	624	
11	0	0	0	0	582	642	
12	0	0	0	0	421	643	
13	0	0	0	0	544	620	
14	0	0	0	0	615	603	
15	0	0	0	0	422	625	
0	0	0	0	0	592	623	
1	0	0	0	0	428	617	
2	0	0	0	0	611	634	
3	0	0	0	0	497	644	
4	0	0	0	0	512	624	
5	0	0	0	0	464	674	
6	0	0	0	0	546	663	
7	0	0	0	0	494	618	
8	0	0	0	0	603	628	
9	0	0	0	0	482	657	
10	0	0	0	0	534	651	
11	0	0	0	0	484	640	
12	0	0	0	0	502	638	
13	0	0	0	0	444	645	
14	0	0	0	0	454	617	
15	0	0	0	0	464	619	
0	0	0	0	0	443	605	
1	0	0	0	0	576	593	
2	0	0	0	0	510	608	
3	0	0	0	0	440	620	
4	0	0	0	0	494	626	
5	0	0	0	0	551	658	
6	0	0	0	0	494	672	
7	0	0	0	0	517	640	
8	0	0	0	0	429	607	
9	0	0	0	0	598	608	
10	0	0	0	0	475	612	
11	0	0	0	0	543	591	
12	0	0	0	0	524	604	
13	0	0	0	0	523	623	
14	0	0	0	0	510	639	
15	0	0	0	0	545	623	
0	0	0	0	0	489	584	
1	0	0	0	0	575	544	
2	0	0	0	0	517	529	
3	0	0	0	0	422	556	
4	0	0	0	0	635	596	
5	0	0	0	0	471	622	
6	0	0	0	0	536	615	
7	0	0	0	0	555	644	
8	0	0	0	0	493	636	
9	0	0	0	0	451	614	
10	0	0	0	0	461	582	
11	0	0	0	0	511	564	
12	0	0	0	0	546	556	
13	0	0	0	0	589	566	
14	0	0	0	0	476	602	
15	0	0	0	0	553	652	
0	0	0	0	0	538	691	
1	0	0	0	0	515	694	
2	0	0	0	0	504	680	
3	0	0	0	0	542	589	
4	0	0	0	0	504	508	
5	0	0	0	0	500	484	
6	0	0	0	0	522	489	
7	0	0	0	0	498	499	
8	0	0	0	0	487	523	
9	0	0	0	0	483	585	
10	0	0	0	0	568	651	
11	0	0	0	0	494	684	
12	0	0	0	0	507	660	
13	0	0	0	0	506	634	
14	0	0	0	0	492	627	
15	0	0	0	0	457	603	
0	0	0	0	0	534	585	
1	0	0	0	0	517	569	
2	0	0	0	0	478	547	
3	0	0	0	0	522	541	
4	0	0	0	0	515	557	
5	0	0	0	0	517	578	
6	0	0	0	0	515	603	
7	0	0	0	0	502	605	
8	0	0	0	0	505	608	
9	0	0	0	0	511	628	
10	0	0	0	0	502	640	
11	0	0	0	0	510	633	
12	0	0	0	0	513	627	
13	0	0	0	0	496	611	
14	0	0	0	0	518	602	
15	0	0	0	0	512	600	
0	0	0	0	0	505	593	
1	0	0	0	0	506	593	
2	0	0	0	0	511	579	
3	0	0	0	0	506	568	
4	0	0	0	0	515	561	
5	0	0	0	0	512	574	
6	0	0	0	0	513	598	
7	0	0	0	0	509	613	
8	0	0	0	0	508	620	
9	0	0	0	0	508	623	
10	0	0	0	0	515	620	
11	0	0	0	0	503	610	
12	0	0	0	0	523	614	
13	0	0	0	0	513	625	
14	0	0	0	0	515	621	
15	0	0	0	0	512	607	
0	0	0	0	0	511	600	
1	0	0	0	0	508	604	
2	0	0	0	0	505	611	
3	0	0	0	0	508	617	
4	0	0	0	0	505	617	
5	0	0	0	0	511	630	
6	0	0	0	0	501	633	
7	0	0	0	0	512	615	
8	0	0	0	0	509	612	
9	0	0	0	0	509	614	
10	0	0	0	0	509	611	
11	0	0	0	0	517	613	
12	0	0	0	0	501	619	
13	0	0	0	0	513	634	
14	0	0	0	0	515	639	
15	0	0	0	0	513	643	
0	0	0	0	0	512	645	
1	0	0	0	0	514	634	
2	0	0	0	0	509	619	
3	0	0	0	0	506	603	
4	0	0	0	0	511	593	
5	0	0	0	0	503	610	
6	0	0	0	0	518	632	
7	0	0	0	0	511	662	
8	0	0	0	0	510	675	
9	0	0	0	0	507	665	
10	0	0	0	0	510	645	
11	0	0	0	0	505	618	
12	0	0	0	0	501	588	
13	0	0	0	0	517	569	
14	0	0	0	0	510	581	
15	0	0	0	0	506	619	
0	0	0	0	0	503	644	
1	0	0	0	0	512	645	
2	0	0	0	0	507	640	
3	0	0	0	0	509	635	
4	0	0	0	0	518	625	
5	0	0	0	0	508	619	
6	0	0	0	0	506	618	
7	0	0	0	0	510	609	
8	0	0	0	0	504	600	
9	0	0	0	0	504	598	
10	0	0	0	0	510	606	
11	0	0	0	0	510	613	
12	0	0	0	0	512	615	
13	0	0	0	0	511	614	
14	0	0	0	0	518	612	
15	0	0	0	0	512	614	
0	0	0	0	0	516	612	
1	0	0	0	0	509	611	
2	0	0	0	0	518	606	
3	0	0	0	0	508	605	
4	0	0	0	0	523	603	
5	0	0	0	0	519	595	
6	0	0	0	0	527	591	
7	0	0	0	0	509	591	
8	0	0	0	0	510	596	
9	0	0	0	0	520	598	
10	0	0	0	0	501	598	
11	0	0	0	0	500	599	
12	0	0	0	0	530	596	
13	0	0	0	0	506	598	
14	0	0	0	0	512	593	
15	0	0	0	0	506	594	
0	0	0	0	0	500	596	
1	0	0	0	0	501	594	
2	0	0	0	0	505	594	
3	0	0	0	0	504	592	
4	0	0	0	0	489	589	
5	0	0	0	0	505	582	
6	0	0	0	0	517	578	
7	0	0	0	0	529	572	
8	0	0	0	0	490	577	
9	0	0	0	0	523	582	
10	0	0	0	0	536	587	
11	0	0	0	0	504	587	
12	0	0	0	0	566	586	
13	0	0	0	0	536	582	
14	0	0	0	0	502	576	
15	0	0	0	0	493	575	
0	0	0	0	0	535	567	
1	0	0	0	0	543	566	
2	0	0	0	0	518	572	
3	0	0	0	0	545	587	
4	0	0	0	0	511	595	
5	0	0	0	0	523	598	
6	0	0	0	0	500	592	
7	0	0	0	0	489	583	
8	0	0	0	0	493	577	
9	0	0	0	0	515	583	
10	0	0	0	0	547	588	
11	0	0	0	0	506	588	
12	0	0	0	0	473	587	
13	0	0	0	0	511	575	
14	0	0	0	0	508	571	
15	0	0	0	0	506	556	
0	0	0	0	0	527	549	
1	0	0	0	0	517	553	
2	0	0	0	0	509	559	
3	0	0	0	0	510	562	
4	0	0	0	0	506	568	
5	0	0	0	0	499	572	
6	0	0	0	0	506	567	
7	0	0	0	0	520	566	
8	0	0	0	0	514	554	
9	0	0	0	0	511	545	
10	0	0	0	0	512	545	
11	0	0	0	0	508	542	
12	0	0	0	0	494	550	
13	0	0	0	0	519	562	
14	0	0	0	0	509	582	
15	0	0	0	0	543	588	
0	0	0	0	0	503	584	
1	0	0	0	0	496	576	
2	0	0	0	0	513	569	
3	0	0	0	0	509	570	
4	0	0	0	0	524	576	
5	0	0	0	0	489	583	
6	0	0	0	0	524	589	
7	0	0	0	0	506	601	
8	0	0	0	0	506	618	
9	0	0	0	0	517	634	
10	0	0	0	0	503	638	
11	0	0	0	0	479	631	
12	0	0	0	0	522	626	
13	0	0	0	0	536	624	
14	0	0	0	0	496	606	
15	0	0	0	0	570	604	
0	0	0	0	0	460	605	
1	0	0	0	0	580	561	
2	0	0	0	0	639	519	
3	0	0	0	0	402	496	
4	0	0	0	0	537	510	
5	0	0	0	0	524	559	
6	0	0	0	0	517	624	
7	0	0	0	0	518	659	
8	0	0	0	0	638	663	
9	0	0	0	0	430	626	
10	0	0	0	0	643	563	
11	0	0	0	0	419	537	
12	0	0	0	0	511	543	
13	0	0	0	0	579	583	
14	0	0	0	0	466	612	
15	0	0	0	0	502	597	
0	0	0	0	0	444	578	
1	0	0	0	0	551	596	
2	0	0	0	0	599	617	
3	0	0	0	0	459	611	
4	0	0	0	0	585	601	
5	0	0	0	0	462	583	
6	0	0	0	0	562	560	
7	0	0	0	0	353	575	
8	0	0	0	0	552	562	
9	0	0	0	0	539	571	
10	0	0	0	0	600	596	
11	0	0	0	0	398	589	
12	0	0	0	0	542	553	
13	0	0	0	0	633	545	
14	0	0	0	0	333	557	
15	0	0	0	0	486	561	
0	0	0	0	0	669	592	
1	0	0	0	0	585	611	
2	0	0	0	0	556	625	
3	0	0	0	0	495	635	
4	0	0	0	0	521	589	
5	0	0	0	0	487	564	
6	0	0	0	0	506	610	
7	0	0	0	0	652	630	
8	0	0	0	0	519	627	
9	0	0	0	0	570	616	
10	0	0	0	0	568	656	
11	0	0	0	0	488	664	
12	0	0	0	0	612	641	
13	0	0	0	0	377	639	
14	0	0	0	0	448	657	
15	0	0	0	0	570	682	
0	0	0	0	0	521	686	
1	0	0	0	0	505	676	
2	0	0	0	0	471	647	
3	0	0	0	0	487	628	
4	0	0	0	0	511	580	
5	0	0	0	0	358	592	
6	0	0	0	0	469	672	
7	0	0	0	0	621	653	
8	0	0	0	0	381	667	
9	0	0	0	0	608	711	
10	0	0	0	0	487	647	
11	0	0	0	0	511	624	
12	0	0	0	0	548	613	
13	0	0	0	0	472	569	
14	0	0	0	0	303	587	
15	0	0	0	0	526	613	
0	0	0	0	0	550	653	
1	0	0	0	0	487	707	
2	0	0	0	0	490	739	
3	0	0	0	0	486	744	
4	0	0	0	0	508	664	
5	0	0	0	0	478	523	
6	0	0	0	0	737	494	
7	0	0	0	0	399	498	
8	0	0	0	0	561	455	
9	0	0	0	0	480	563	
10	0	0	0	0	534	659	
11	0	0	0	0	463	724	
12	0	0	0	0	501	760	
13	0	0	0	0	630	675	
14	0	0	0	0	549	571	
15	0	0	0	0	373	485	
0	0	0	0	0	564	440	
1	0	0	0	0	507	435	
2	0	0	0	0	437	468	
3	0	0	0	0	372	557	
4	0	0	0	0	624	665	
5	0	0	0	0	521	717	
6	0	0	0	0	509	692	
7	0	0	0	0	492	614	
8	0	0	0	0	521	567	
9	0	0	0	0	493	539	
10	0	0	0	0	536	493	
11	0	0	0	0	406	507	
12	0	0	0	0	583	537	
13	0	0	0	0	507	549	
14	0	0	0	0	514	583	
15	0	0	0	0	519	635	
0	0	0	0	0	513	626	
1	0	0	0	0	505	600	
2	0	0	0	0	503	587	
3	0	0	0	0	489	566	
4	0	0	0	0	531	561	
5	0	0	0	0	515	569	
6	0	0	0	0	479	583	
7	0	0	0	0	516	600	
8	0	0	0	0	508	646	
9	0	0	0	0	529	662	
10	0	0	0	0	496	647	
11	0	0	0	0	511	631	
12	0	0	0	0	507	623	
13	0	0	0	0	507	602	
14	0	0	0	0	500	580	
15	0	0	0	0	505	554	
0	0	0	0	0	506	552	
1	0	0	0	0	512	555	
2	0	0	0	0	520	562	
3	0	0	0	0	502	581	
4	0	0	0	0	515	614	
5	0	0	0	0	510	640	
6	0	0	0	0	508	639	
7	0	0	0	0	510	628	
8	0	0	0	0	507	621	
9	0	0	0	0	510	608	
10	0	0	0	0	514	609	
11	0	0	0	0	514	597	
12	0	0	0	0	513	586	
13	0	0	0	0	511	584	
14	0	0	0	0	512	578	
15	0	0	0	0	506	576	
0	0	0	0	0	503	603	
1	0	0	0	0	513	624	
2	0	0	0	0	507	633	
3	0	0	0	0	508	630	
4	0	0	0	0	509	618	
5	0	0	0	0	509	609	
6	0	0	0	0	512	606	
7	0	0	0	0	508	598	
8	0	0	0	0	509	593	
9	0	0	0	0	512	590	
10	0	0	0	0	508	593	
11	0	0	0	0	514	607	
12	0	0	0	0	513	627	
13	0	0	0	0	514	646	
14	0	0	0	0	510	645	
15	0	0	0	0	508	633	
0	0	0	0	0	510	623	
1	0	0	0	0	507	613	
2	0	0	0	0	504	613	
3	0	0	0	0	512	618	
4	0	0	0	0	510	632	
5	0	0	0	0	514	649	
6	0	0	0	0	513	661	
7	0	0	0	0	512	660	
8	0	0	0	0	504	644	
9	0	0	0	0	507	619	
10	0	0	0	0	508	595	
11	0	0	0	0	511	583	
12	0	0	0	0	512	594	
13	0	0	0	0	509	616	
14	0	0	0	0	511	637	
15	0	0	0	0	521	651	
0	0	0	0	0	516	651	
1	0	0	0	0	519	636	
2	0	0	0	0	489	617	
3	0	0	0	0	499	597	
4	0	0	0	0	504	594	
5	0	0	0	0	523	606	
6	0	0	0	0	513	622	
7	0	0	0	0	497	633	
8	0	0	0	0	534	639	
9	0	0	0	0	508	639	
10	0	0	0	0	510	628	
11	0	0	0	0	506	615	
12	0	0	0	0	504	609	
13	0	0	0	0	499	610	
14	0	0	0	0	508	609	
15	0	0	0	0	512	620	
0	0	0	0	0	505	627	
1	0	0	0	0	511	636	
2	0	0	0	0	514	641	
3	0	0	0	0	513	641	
4	0	0	0	0	511	635	
5	0	0	0	0	505	624	
6	0	0	0	0	529	612	
7	0	0	0	0	505	606	
8	0	0	0	0	510	600	
9	0	0	0	0	516	592	
10	0	0	0	0	499	595	
11	0	0	0	0	513	600	
12	0	0	0	0	529	597	
13	0	0	0	0	500	595	
14	0	0	0	0	504	596	
15	0	0	0	0	504	590	
0	0	0	0	0	504	592	
1	0	0	0	0	499	597	
2	0	0	0	0	503	598	
3	0	0	0	0	498	599	
4	0	0	0	0	502	587	
5	0	0	0	0	535	575	
6	0	0	0	0	513	563	
7	0	0	0	0	520	559	
8	0	0	0	0	517	569	
9	0	0	0	0	510	582	
10	0	0	0	0	534	589	
11	0	0	0	0	496	602	
12	0	0	0	0	490	611	
13	0	0	0	0	520	610	
14	0	0	0	0	512	600	
15	0	0	0	0	519	588	
0	0	0	0	0	478	588	
1	0	0	0	0	507	582	
2	0	0	0	0	500	577	
3	0	0	0	0	512	588	
4	0	0	0	0	502	604	
5	0	0	0	0	537	614	
6	0	0	0	0	540	633	
7	0	0	0	0	535	646	
8	0	0	0	0	500	636	
9	0	0	0	0	534	618	
10	0	0	0	0	478	593	
11	0	0	0	0	494	568	
12	0	0	0	0	502	550	
13	0	0	0	0	502	537	
14	0	0	0	0	490	532	
15	0	0	0	0	498	538	
0	0	0	0	0	535	560	
1	0	0	0	0	518	587	
2	0	0	0	0	512	591	
3	0	0	0	0	508	582	
4	0	0	0	0	501	567	
5	0	0	0	0	494	551	
6	0	0	0	0	511	541	
7	0	0	0	0	511	542	
8	0	0	0	0	523	547	
9	0	0	0	0	510	553	
10	0	0	0	0	504	571	
11	0	0	0	0	522	589	
12	0	0	0	0	507	593	
13	0	0	0	0	528	592	
14	0	0	0	0	511	585	
15	0	0	0	0	492	583	
0	0	0	0	0	504	582	
1	0	0	0	0	527	580	
2	0	0	0	0	514	587	
3	0	0	0	0	465	604	
4	0	0	0	0	527	628	
5	0	0	0	0	508	653	
6	0	0	0	0	483	672	
7	0	0	0	0	516	670	
8	0	0	0	0	541	660	
9	0	0	0	0	517	631	
10	0	0	0	0	461	609	
11	0	0	0	0	560	607	
12	0	0	0	0	419	620	
13	0	0	0	0	454	637	
14	0	0	0	0	437	658	
15	0	0	0	0	537	643	
0	0	0	0	0	524	596	
1	0	0	0	0	636	582	
2	0	0	0	0	465	590	
3	0	0	0	0	595	585	
4	0	0	0	0	467	601	
5	0	0	0	0	579	603	
6	0	0	0	0	495	593	
7	0	0	0	0	488	577	
8	0	0	0	0	512	551	
9	0	0	0	0	566	543	
10	0	0	0	0	572	582	
11	0	0	0	0	553	617	
12	0	0	0	0	420	639	
13	0	0	0	0	562	607	
14	0	0	0	0	492	560	
15	0	0	0	0	459	565	
0	0	0	0	0	440	607	
1	0	0	0	0	507	586	
2	0	0	0	0	521	621	
3	0	0	0	0	483	651	
4	0	0	0	0	519	606	
5	0	0	0	0	540	627	
6	0	0	0	0	500	624	
7	0	0	0	0	494	563	
8	0	0	0	0	579	617	
9	0	0	0	0	397	596	
10	0	0	0	0	501	568	
11	0	0	0	0	436	638	
12	0	0	0	0	543	608	
13	0	0	0	0	477	584	
14	0	0	0	0	526	600	
15	0	0	0	0	504	536	
0	0	0	0	0	482	550	
1	0	0	0	0	482	607	
2	0	0	0	0	505	607	
3	0	0	0	0	495	596	
4	0	0	0	0	566	607	
5	0	0	0	0	380	640	
6	0	0	0	0	649	597	
7	0	0	0	0	543	561	
8	0	0	0	0	338	571	
9	0	0	0	0	507	572	
10	0	0	0	0	609	627	
11	0	0	0	0	577	694	
12	0	0	0	0	384	750	
13	0	0	0	0	479	785	
14	0	0	0	0	551	695	
15	0	0	0	0	570	606	
0	0	0	0	0	428	621	
1	0	0	0	0	444	586	
2	0	0	0	0	564	564	
3	0	0	0	0	545	591	
4	0	0	0	0	526	632	
5	0	0	0	0	446	688	
6	0	0	0	0	578	707	
7	0	0	0	0	498	666	
8	0	0	0	0	458	610	
9	0	0	0	0	644	586	
10	0	0	0	0	476	553	
11	0	0	0	0	593	560	
12	0	0	0	0	499	590	
13	0	0	0	0	522	654	
14	0	0	0	0	383	731	
15	0	0	0	0	530	740	
0	0	0	0	0	504	734	
1	0	0	0	0	719	722	
2	0	0	0	0	254	647	
3	0	0	0	0	750	631	
4	0	0	0	0	384	681	
5	0	0	0	0	580	669	
6	0	0	0	0	478	661	
7	0	0	0	0	554	691	
8	0	0	0	0	410	706	
9	0	0	0	0	531	643	
10	0	0	0	0	493	595	
11	0	0	0	0	460	551	
12	0	0	0	0	553	502	
13	0	0	0	0	530	515	
14	0	0	0	0	515	518	
15	0	0	0	0	515	499	
0	0	0	0	0	449	537	
1	0	0	0	0	477	548	
2	0	0	0	0	549	554	
3	0	0	0	0	489	527	
4	0	0	0	0	506	525	
5	0	0	0	0	483	518	
6	0	0	0	0	481	494	
7	0	0	0	0	549	492	
8	0	0	0	0	523	515	
9	0	0	0	0	539	525	
10	0	0	0	0	495	559	
11	0	0	0	0	493	592	
12	0	0	0	0	521	618	
13	0	0	0	0	508	654	
14	0	0	0	0	499	649	
15	0	0	0	0	511	634	
0	0	0	0	0	487	606	
1	0	0	0	0	525	595	
2	0	0	0	0	525	582	
3	0	0	0	0	513	573	
4	0	0	0	0	515	575	
5	0	0	0	0	507	591	
6	0	0	0	0	510	597	
7	0	0	0	0	513	630	
8	0	0	0	0	511	635	
9	0	0	0	0	510	624	
10	0	0	0	0	507	608	
11	0	0	0	0	506	589	
12	0	0	0	0	503	579	
13	0	0	0	0	504	584	
14	0	0	0	0	511	583	
15	0	0	0	0	510	577	
0	0	0	0	0	511	561	
1	0	0	0	0	511	553	
2	0	0	0	0	510	560	
3	0	0	0	0	511	575	
4	0	0	0	0	504	586	
5	0	0	0	0	518	591	
6	0	0	0	0	507	593	
7	0	0	0	0	505	594	
8	0	0	0	0	512	582	
9	0	0	0	0	515	562	
10	0	0	0	0	500	551	
11	0	0	0	0	513	567	
12	0	0	0	0	507	614	
13	0	0	0	0	506	660	
14	0	0	0	0	505	676	
15	0	0	0	0	511	663	
0	0	0	0	0	511	649	
1	0	0	0	0	508	640	
2	0	0	0	0	510	621	
3	0	0	0	0	508	588	
4	0	0	0	0	512	566	
5	0	0	0	0	505	569	
6	0	0	0	0	508	609	
7	0	0	0	0	515	651	
8	0	0	0	0	520	671	
9	0	0	0	0	511	674	
10	0	0	0	0	513	664	
11	0	0	0	0	513	651	
12	0	0	0	0	504	661	
13	0	0	0	0	501	647	
14	0	0	0	0	510	619	
15	0	0	0	0	510	591	
0	0	0	0	0	507	585	
1	0	0	0	0	510	608	
2	0	0	0	0	512	633	
3	0	0	0	0	514	638	
4	0	0	0	0	510	657	
5	0	0	0	0	512	655	
6	0	0	0	0	519	644	
7	0	0	0	0	513	637	
8	0	0	0	0	508	623	
9	0	0	0	0	496	606	
10	0	0	0	0	504	601	
11	0	0	0	0	504	618	
12	0	0	0	0	507	642	
13	0	0	0	0	512	655	
14	0	0	0	0	509	656	
15	0	0	0	0	513	643	
0	0	0	0	0	514	628	
1	0	0	0	0	511	616	
2	0	0	0	0	508	607	
3	0	0	0	0	512	607	
4	0	0	0	0	511	601	
5	0	0	0	0	510	588	
6	0	0	0	0	505	593	
7	0	0	0	0	504	610	
8	0	0	0	0	505	621	
9	0	0	0	0	515	628	
10	0	0	0	0	509	636	
11	0	0	0	0	505	633	
12	0	0	0	0	506	623	
13	0	0	0	0	498	627	
14	0	0	0	0	497	635	
15	0	0	0	0	538	627	
0	0	0	0	0	519	615	
1	0	0	0	0	513	602	
2	0	0	0	0	507	595	
3	0	0	0	0	506	600	
4	0	0	0	0	507	612	
5	0	0	0	0	505	619	
6	0	0	0	0	504	620	
7	0	0	0	0	515	620	
8	0	0	0	0	511	614	
9	0	0	0	0	515	605	
10	0	0	0	0	510	598	
11	0	0	0	0	516	595	
12	0	0	0	0	508	588	
13	0	0	0	0	527	589	
14	0	0	0	0	505	599	
15	0	0	0	0	508	595	
0	0	0	0	0	508	598	
1	0	0	0	0	505	603	
2	0	0	0	0	504	609	
3	0	0	0	0	512	609	
4	0	0	0	0	505	603	
5	0	0	0	0	508	604	
6	0	0	0	0	515	593	
7	0	0	0	0	516	587	
8	0	0	0	0	526	577	
9	0	0	0	0	499	568	
10	0	0	0	0	508	568	
11	0	0	0	0	513	575	
12	0	0	0	0	504	586	
13	0	0	0	0	512	592	
14	0	0	0	0	497	595	
15	0	0	0	0	497	598	
0	0	0	0	0	526	594	
1	0	0	0	0	515	597	
2	0	0	0	0	519	595	
3	0	0	0	0	534	594	
4	0	0	0	0	506	586	
5	0	0	0	0	512	583	
6	0	0	0	0	497	580	
7	0	0	0	0	519	579	
8	0	0	0	0	509	588	
9	0	0	0	0	503	591	
10	0	0	0	0	504	594	
11	0	0	0	0	521	590	
12	0	0	0	0	532	577	
13	0	0	0	0	506	573	
14	0	0	0	0	514	568	
15	0	0	0	0	525	561	
0	0	0	0	0	533	558	
1	0	0	0	0	485	568	
2	0	0	0	0	505	577	
3	0	0	0	0	491	587	
4	0	0	0	0	507	583	
5	0	0	0	0	497	585	
6	0	0	0	0	533	582	
7	0	0	0	0	500	575	
8	0	0	0	0	490	572	
9	0	0	0	0	500	569	
10	0	0	0	0	506	565	
11	0	0	0	0	495	563	
12	0	0	0	0	504	568	
13	0	0	0	0	500	564	
14	0	0	0	0	518	564	
15	0	0	0	0	505	567	
0	0	0	0	0	508	571	
1	0	0	0	0	498	574	
2	0	0	0	0	535	580	
3	0	0	0	0	516	580	
4	0	0	0	0	508	558	
5	0	0	0	0	505	550	
6	0	0	0	0	504	556	
7	0	0	0	0	496	566	
8	0	0	0	0	515	584	
9	0	0	0	0	529	594	
10	0	0	0	0	502	596	
11	0	0	0	0	492	598	
12	0	0	0	0	551	591	
13	0	0	0	0	451	583	
14	0	0	0	0	637	587	
15	0	0	0	0	512	609	
0	0	0	0	0	582	631	
1	0	0	0	0	493	639	
2	0	0	0	0	492	621	
3	0	0	0	0	531	592	
4	0	0	0	0	495	565	
5	0	0	0	0	468	547	
6	0	0	0	0	492	527	
7	0	0	0	0	612	565	
8	0	0	0	0	555	616	
9	0	0	0	0	471	638	
10	0	0	0	0	362	627	
11	0	0	0	0	505	597	
12	0	0	0	0	560	591	
13	0	0	0	0	518	588	
14	0	0	0	0	531	600	
15	0	0	0	0	491	583	
0	0	0	0	0	481	570	
1	0	0	0	0	644	538	
2	0	0	0	0	316	535	
3	0	0	0	0	645	560	
4	0	0	0	0	502	598	
5	0	0	0	0	496	619	
6	0	0	0	0	482	624	
7	0	0	0	0	592	609	
8	0	0	0	0	499	601	
9	0	0	0	0	590	554	
10	0	0	0	0	384	557	
11	0	0	0	0	462	569	
12	0	0	0	0	462	597	
13	0	0	0	0	633	625	
14	0	0	0	0	506	632	
15	0	0	0	0	460	607	
0	0	0	0	0	434	607	
1	0	0	0	0	503	614	
2	0	0	0	0	620	608	
3	0	0	0	0	496	592	
4	0	0	0	0	656	593	
5	0	0	0	0	296	579	
6	0	0	0	0	632	572	
7	0	0	0	0	544	631	
8	0	0	0	0	524	684	
9	0	0	0	0	470	686	
10	0	0	0	0	591	684	
11	0	0	0	0	423	608	
12	0	0	0	0	556	556	
13	0	0	0	0	597	575	
14	0	0	0	0	326	601	
15	0	0	0	0	463	624	
0	0	0	0	0	596	669	
1	0	0	0	0	560	662	
2	0	0	0	0	472	625	
3	0	0	0	0	554	627	
4	0	0	0	0	514	551	
5	0	0	0	0	408	563	
6	0	0	0	0	409	556	
7	0	0	0	0	406	595	
8	0	0	0	0	471	645	
9	0	0	0	0	460	632	
10	0	0	0	0	578	649	
11	0	0	0	0	468	686	
12	0	0	0	0	497	701	
13	0	0	0	0	487	636	
14	0	0	0	0	544	579	
15	0	0	0	0	580	575	
0	0	0	0	0	505	595	
1	0	0	0	0	556	628	
2	0	0	0	0	462	638	
3	0	0	0	0	514	640	
4	0	0	0	0	448	673	
5	0	0	0	0	517	647	
6	0	0	0	0	492	574	
7	0	0	0	0	500	545	
8	0	0	0	0	409	546	
9	0	0	0	0	702	577	
10	0	0	0	0	578	631	
11	0	0	0	0	504	660	
12	0	0	0	0	544	720	
13	0	0	0	0	467	731	
14	0	0	0	0	663	679	
15	0	0	0	0	440	598	
0	0	0	0	0	572	532	
1	0	0	0	0	318	554	
2	0	0	0	0	523	600	
3	0	0	0	0	457	621	
4	0	0	0	0	574	644	
5	0	0	0	0	507	665	
6	0	0	0	0	525	661	
7	0	0	0	0	504	623	
8	0	0	0	0	484	567	
9	0	0	0	0	566	525	
10	0	0	0	0	477	505	
11	0	0	0	0	515	487	
12	0	0	0	0	465	511	
13	0	0	0	0	545	560	
14	0	0	0	0	499	606	
15	0	0	0	0	533	615	
0	0	0	0	0	484	611	
1	0	0	0	0	522	595	
2	0	0	0	0	492	575	
3	0	0	0	0	612	547	
4	0	0	0	0	472	522	
5	0	0	0	0	545	521	
6	0	0	0	0	483	532	
7	0	0	0	0	524	564	
8	0	0	0	0	518	609	
9	0	0	0	0	494	634	
10	0	0	0	0	510	652	
11	0	0	0	0	516	649	
12	0	0	0	0	511	611	
13	0	0	0	0	522	565	
14	0	0	0	0	487	583	
15	0	0	0	0	508	618	
0	0	0	0	0	503	610	
1	0	0	0	0	550	590	
2	0	0	0	0	500	597	
3	0	0	0	0	487	603	
4	0	0	0	0	525	608	
5	0	0	0	0	518	609	
6	0	0	0	0	511	615	
7	0	0	0	0	508	602	
8	0	0	0	0	514	596	
9	0	0	0	0	508	606	
10	0	0	0	0	511	610	
11	0	0	0	0	515	595	
12	0	0	0	0	508	591	
13	0	0	0	0	511	591	
14	0	0	0	0	515	605	
15	0	0	0	0	505	603	
0	0	0	0	0	505	593	
1	0	0	0	0	510	582	
2	0	0	0	0	514	572	
3	0	0	0	0	510	571	
4	0	0	0	0	502	579	
5	0	0	0	0	507	593	
6	0	0	0	0	513	609	
7	0	0	0	0	514	621	
8	0	0	0	0	515	625	
9	0	0	0	0	509	627	
10	0	0	0	0	505	630	
11	0	0	0	0	501	639	
12	0	0	0	0	503	632	
13	0	0	0	0	508	610	
14	0	0	0	0	511	587	
15	0	0	0	0	510	583	
0	0	0	0	0	497	603	
1	0	0	0	0	511	619	
2	0	0	0	0	515	631	
3	0	0	0	0	516	642	
4	0	0	0	0	523	642	
5	0	0	0	0	510	630	
6	0	0	0	0	510	626	
7	0	0	0	0	508	627	
8	0	0	0	0	504	622	
9	0	0	0	0	505	614	
10	0	0	0	0	509	614	
11	0	0	0	0	512	630	
12	0	0	0	0	504	637	
13	0	0	0	0	515	642	
14	0	0	0	0	519	643	
15	0	0	0	0	517	638	
0	0	0	0	0	518	649	
1	0	0	0	0	501	664	
2	0	0	0	0	502	668	
3	0	0	0	0	498	654	
4	0	0	0	0	508	617	
5	0	0	0	0	506	584	
6	0	0	0	0	506	577	
7	0	0	0	0	506	595	
8	0	0	0	0	507	615	
9	0	0	0	0	505	629	
10	0	0	0	0	516	637	
11	0	0	0	0	515	640	
12	0	0	0	0	514	634	
13	0	0	0	0	515	627	
14	0	0	0	0	512	627	
15	0	0	0	0	506	632	
0	0	0	0	0	505	620	
1	0	0	0	0	500	599	
2	0	0	0	0	507	581	
3	0	0	0	0	513	584	
4	0	0	0	0	511	604	
5	0	0	0	0	507	623	
6	0	0	0	0	509	639	
7	0	0	0	0	512	646	
8	0	0	0	0	509	639	
9	0	0	0	0	508	631	
10	0	0	0	0	503	622	
11	0	0	0	0	505	612	
12	0	0	0	0	504	609	
13	0	0	0	0	508	609	
14	0	0	0	0	521	605	
15	0	0	0	0	510	595	
0	0	0	0	0	509	591	
1	0	0	0	0	508	587	
2	0	0	0	0	511	580	
3	0	0	0	0	502	583	
4	0	0	0	0	509	587	
5	0	0	0	0	503	594	
6	0	0	0	0	504	600	
7	0	0	0	0	513	606	
8	0	0	0	0	531	612	
9	0	0	0	0	514	616	
10	0	0	0	0	515	616	
11	0	0	0	0	511	618	
12	0	0	0	0	521	618	
13	0	0	0	0	510	612	
14	0	0	0	0	504	608	
15	0	0	0	0	498	603	
0	0	0	0	0	535	600	
1	0	0	0	0	499	593	
2	0	0	0	0	507	584	
3	0	0	0	0	492	572	
4	0	0	0	0	511	560	
5	0	0	0	0	508	560	
6	0	0	0	0	521	563	
7	0	0	0	0	511	575	
8	0	0	0	0	518	587	
9	0	0	0	0	519	595	
10	0	0	0	0	495	592	
11	0	0	0	0	506	580	
12	0	0	0	0	504	571	
13	0	0	0	0	514	571	
14	0	0	0	0	502	567	
15	0	0	0	0	503	565	
0	0	0	0	0	515	574	
1	0	0	0	0	492	587	
2	0	0	0	0	499	589	
3	0	0	0	0	504	585	
4	0	0	0	0	522	580	
5	0	0	0	0	528	571	
6	0	0	0	0	499	563	
7	0	0	0	0	503	561	
8	0	0	0	0	546	567	
9	0	0	0	0	515	565	
10	0	0	0	0	502	554	
11	0	0	0	0	510	545	
12	0	0	0	0	481	542	
13	0	0	0	0	495	547	
14	0	0	0	0	511	559	
15	0	0	0	0	506	571	
0	0	0	0	0	491	579	
1	0	0	0	0	525	580	
2	0	0	0	0	496	569	
3	0	0	0	0	507	561	
4	0	0	0	0	516	558	
5	0	0	0	0	516	553	
6	0	0	0	0	521	547	
7	0	0	0	0	511	547	
8	0	0	0	0	512	550	
9	0	0	0	0	507	549	
10	0	0	0	0	506	548	
11	0	0	0	0	515	553	
12	0	0	0	0	524	560	
13	0	0	0	0	502	563	
14	0	0	0	0	506	551	
15	0	0	0	0	502	542	
0	0	0	0	0	513	538	
1	0	0	0	0	502	542	
2	0	0	0	0	526	544	
3	0	0	0	0	523	545	
4	0	0	0	0	522	549	
5	0	0	0	0	537	552	
6	0	0	0	0	521	550	
7	0	0	0	0	506	546	
8	0	0	0	0	496	545	
9	0	0	0	0	510	537	
10	0	0	0	0	495	535	
11	0	0	0	0	506	541	
12	0	0	0	0	509	545	
13	0	0	0	0	511	543	
14	0	0	0	0	513	543	
15	0	0	0	0	505	540	
0	0	0	0	0	494	539	
1	0	0	0	0	512	543	
2	0	0	0	0	519	543	
3	0	0	0	0	518	540	
4	0	0	0	0	507	539	
5	0	0	0	0	504	540	
6	0	0	0	0	486	545	
7	0	0	0	0	500	543	
8	0	0	0	0	505	536	
9	0	0	0	0	500	535	
10	0	0	0	0	542	539	
11	0	0	0	0	508	543	
12	0	0	0	0	519	547	
13	0	0	0	0	550	543	
14	0	0	0	0	536	542	
15	0	0	0	0	509	540	
0	0	0	0	0	525	542	
1	0	0	0	0	516	538	
2	0	0	0	0	509	538	
3	0	0	0	0	509	545	
4	0	0	0	0	511	543	
5	0	0	0	0	498	543	
6	0	0	0	0	513	544	
7	0	0	0	0	511	544	
8	0	0	0	0	511	543	
9	0	0	0	0	507	545	
10	0	0	0	0	491	556	
11	0	0	0	0	508	563	
12	0	0	0	0	502	560	
13	0	0	0	0	516	550	
14	0	0	0	0	497	551	
15	0	0	0	0	525	553	
0	0	0	0	0	513	568	
1	0	0	0	0	489	599	
2	0	0	0	0	457	603	
3	0	0	0	0	492	630	
4	0	0	0	0	510	608	
5	0	0	0	0	556	550	
6	0	0	0	0	537	518	
7	0	0	0	0	463	514	
8	0	0	0	0	557	603	
9	0	0	0	0	474	683	
10	0	0	0	0	524	725	
11	0	0	0	0	505	702	
12	0	0	0	0	507	675	
13	0	0	0	0	567	655	
14	0	0	0	0	459	594	
15	0	0	0	0	471	550	
0	0	0	0	0	494	545	
1	0	0	0	0	470	557	
2	0	0	0	0	610	583	
3	0	0	0	0	496	581	
4	0	0	0	0	516	564	
5	0	0	0	0	615	583	
6	0	0	0	0	431	593	
7	0	0	0	0	495	605	
8	0	0	0	0	482	557	
9	0	0	0	0	563	535	
10	0	0	0	0	445	527	
11	0	0	0	0	518	514	
12	0	0	0	0	387	509	
13	0	0	0	0	477	496	
14	0	0	0	0	531	509	
15	0	0	0	0	550	566	
0	0	0	0	0	519	618	
1	0	0	0	0	504	683	
2	0	0	0	0	457	680	
3	0	0	0	0	498	604	
4	0	0	0	0	509	522	
5	0	0	0	0	485	527	
6	0	0	0	0	526	582	
7	0	0	0	0	517	603	
8	0	0	0	0	522	621	
9	0	0	0	0	547	637	
10	0	0	0	0	483	670	
11	0	0	0	0	545	608	
12	0	0	0	0	572	577	
13	0	0	0	0	499	622	
14	0	0	0	0	438	622	
15	0	0	0	0	533	608	
0	0	0	0	0	464	623	
1	0	0	0	0	654	606	
2	0	0	0	0	454	625	
3	0	0	0	0	508	674	
4	0	0	0	0	628	627	
5	0	0	0	0	372	566	
6	0	0	0	0	572	595	
7	0	0	0	0	445	591	
8	0	0	0	0	513	591	
9	0	0	0	0	502	639	
10	0	0	0	0	546	693	
11	0	0	0	0	519	718	
12	0	0	0	0	439	633	
13	0	0	0	0	556	562	
14	0	0	0	0	473	594	
15	0	0	0	0	492	602	
0	0	0	0	0	428	547	
1	0	0	0	0	532	586	
2	0	0	0	0	398	637	
3	0	0	0	0	575	680	
4	0	0	0	0	519	680	
5	0	0	0	0	522	624	
6	0	0	0	0	460	605	
7	0	0	0	0	548	628	
8	0	0	0	0	515	598	
9	0	0	0	0	564	604	
10	0	0	0	0	558	614	
11	0	0	0	0	557	646	
12	0	0	0	0	485	684	
13	0	0	0	0	485	708	
14	0	0	0	0	551	716	
15	0	0	0	0	439	707	
0	0	0	0	0	520	633	
1	0	0	0	0	534	577	
2	0	0	0	0	482	575	
3	0	0	0	0	552	564	
4	0	0	0	0	495	553	
5	0	0	0	0	506	559	
6	0	0	0	0	545	568	
7	0	0	0	0	499	623	
8	0	0	0	0	461	658	
9	0	0	0	0	574	664	
10	0	0	0	0	432	612	
11	0	0	0	0	575	550	
12	0	0	0	0	572	538	
13	0	0	0	0	453	473	
14	0	0	0	0	537	425	
15	0	0	0	0	439	419	
0	0	0	0	0	529	438	
1	0	0	0	0	545	526	
2	0	0	0	0	600	607	
3	0	0	0	0	454	641	
4	0	0	0	0	535	657	
5	0	0	0	0	528	668	
6	0	0	0	0	525	646	
7	0	0	0	0	515	617	
8	0	0	0	0	497	584	
9	0	0	0	0	522	555	
10	0	0	0	0	521	553	
11	0	0	0	0	552	556	
12	0	0	0	0	481	559	
13	0	0	0	0	527	631	
14	0	0	0	0	547	675	
15	0	0	0	0	486	676	
0	0	0	0	0	520	668	
1	0	0	0	0	507	666	
2	0	0	0	0	510	651	
3	0	0	0	0	494	632	
4	0	0	0	0	505	614	
5	0	0	0	0	503	600	
6	0	0	0	0	489	590	
7	0	0	0	0	538	591	
8	0	0	0	0	514	591	
9	0	0	0	0	506	605	
10	0	0	0	0	530	615	
11	0	0	0	0	483	628	
12	0	0	0	0	519	628	
13	0	0	0	0	513	632	
14	0	0	0	0	502	628	
15	0	0	0	0	511	617	
0	0	0	0	0	504	611	
1	0	0	0	0	511	611	
2	0	0	0	0	508	604	
3	0	0	0	0	511	593	
4	0	0	0	0	509	592	
5	0	0	0	0	508	596	
6	0	0	0	0	506	607	
7	0	0	0	0	516	608	
8	0	0	0	0	509	602	
9	0	0	0	0	511	597	
10	0	0	0	0	502	592	
11	0	0	0	0	511	608	
12	0	0	0	0	512	624	
13	0	0	0	0	507	635	
14	0	0	0	0	509	637	
15	0	0	0	0	510	632	
0	0	0	0	0	509	624	
1	0	0	0	0	511	625	
2	0	0	0	0	509	632	
3	0	0	0	0	512	633	
4	0	0	0	0	508	623	
5	0	0	0	0	508	611	
6	0	0	0	0	509	606	
7	0	0	0	0	509	613	
8	0	0	0	0	508	624	
9	0	0	0	0	508	627	
10	0	0	0	0	507	622	
11	0	0	0	0	510	611	
12	0	0	0	0	509	601	
13	0	0	0	0	514	600	
14	0	0	0	0	512	604	
15	0	0	0	0	515	611	
0	0	0	0	0	512	605	
1	0	0	0	0	518	599	
2	0	0	0	0	509	591	
3	0	0	0	0	502	589	
4	0	0	0	0	507	594	
5	0	0	0	0	511	600	
6	0	0	0	0	505	599	
7	0	0	0	0	510	593	
8	0	0	0	0	508	597	
9	0	0	0	0	508	594	
10	0	0	0	0	507	604	
11	0	0	0	0	512	607	
12	0	0	0	0	507	622	
13	0	0	0	0	510	635	
14	0	0	0	0	506	626	
15	0	0	0	0	509	622	
0	0	0	0	0	513	624	
1	0	0	0	0	514	626	
2	0	0	0	0	513	617	
3	0	0	0	0	507	604	
4	0	0	0	0	504	604	
5	0	0	0	0	507	617	
6	0	0	0	0	511	627	
7	0	0	0	0	513	638	
8	0	0	0	0	507	630	
9	0	0	0	0	515	623	
10	0	0	0	0	511	631	
11	0	0	0	0	508	634	
12	0	0	0	0	507	620	
13	0	0	0	0	506	605	
14	0	0	0	0	506	604	
15	0	0	0	0	511	602	
0	0	0	0	0	506	613	
1	0	0	0	0	514	630	
2	0	0	0	0	518	632	
3	0	0	0	0	516	635	
4	0	0	0	0	511	632	
5	0	0	0	0	509	629	
6	0	0	0	0	509	623	
7	0	0	0	0	508	622	
8	0	0	0	0	505	617	
9	0	0	0	0	507	615	
10	0	0	0	0	508	622	
11	0	0	0	0	511	621	
12	0	0	0	0	509	629	
13	0	0	0	0	510	631	
14	0	0	0	0	509	627	
15	0	0	0	0	508	624	
0	0	0	0	0	510	623	
1	0	0	0	0	506	618	
2	0	0	0	0	503	612	
3	0	0	0	0	511	603	
4	0	0	0	0	509	601	
5	0	0	0	0	510	598	
6	0	0	0	0	508	600	
7	0	0	0	0	511	609	
8	0	0	0	0	516	619	
9	0	0	0	0	507	620	
10	0	0	0	0	507	623	
11	0	0	0	0	508	621	
12	0	0	0	0	513	620	
13	0	0	0	0	511	618	
14	0	0	0	0	510	622	
15	0	0	0	0	507	624	
0	0	0	0	0	510	627	
1	0	0	0	0	509	633	
2	0	0	0	0	510	623	
3	0	0	0	0	508	597	
4	0	0	0	0	514	591	
5	0	0	0	0	507	592	
6	0	0	0	0	515	603	
7	0	0	0	0	512	615	
8	0	0	0	0	508	616	
9	0	0	0	0	504	617	
10	0	0	0	0	512	622	
11	0	0	0	0	505	625	
12	0	0	0	0	494	620	
13	0	0	0	0	504	616	
14	0	0	0	0	527	605	
15	0	0	0	0	512	595	
0	0	0	0	0	501	589	
1	0	0	0	0	518	591	
2	0	0	0	0	507	576	
3	0	0	0	0	507	562	
4	0	0	0	0	493	564	
5	0	0	0	0	511	583	
6	0	0	0	0	503	609	
7	0	0	0	0	509	617	
8	0	0	0	0	509	611	
9	0	0	0	0	495	602	
10	0	0	0	0	513	592	
11	0	0	0	0	516	582	
12	0	0	0	0	506	573	
13	0	0	0	0	501	566	
14	0	0	0	0	499	567	
15	0	0	0	0	496	575	
0	0	0	0	0	494	579	
1	0	0	0	0	519	585	
2	0	0	0	0	499	585	
3	0	0	0	0	524	588	
4	0	0	0	0	522	596	
5	0	0	0	0	517	595	
6	0	0	0	0	500	590	
7	0	0	0	0	535	584	
8	0	0	0	0	512	575	
9	0	0	0	0	500	571	
10	0	0	0	0	516	567	
11	0	0	0	0	492	559	
12	0	0	0	0	500	558	
13	0	0	0	0	510	556	
14	0	0	0	0	523	555	
15	0	0	0	0	515	565	
0	0	0	0	0	501	572	
1	0	0	0	0	497	582	
2	0	0	0	0	514	589	
3	0	0	0	0	536	582	
4	0	0	0	0	508	575	
5	0	0	0	0	512	568	
6	0	0	0	0	508	562	
7	0	0	0	0	549	562	
8	0	0	0	0	500	563	
9	0	0	0	0	501	564	
10	0	0	0	0	505	562	
11	0	0	0	0	504	560	
12	0	0	0	0	528	557	
13	0	0	0	0	510	560	
14	0	0	0	0	510	567	
15	0	0	0	0	505	569	
0	0	0	0	0	505	587	
1	0	0	0	0	508	602	
2	0	0	0	0	509	596	
3	0	0	0	0	502	591	
4	0	0	0	0	531	575	
5	0	0	0	0	507	543	
6	0	0	0	0	510	533	
7	0	0	0	0	518	540	
8	0	0	0	0	493	563	
9	0	0	0	0	520	597	
10	0	0	0	0	509	629	
11	0	0	0	0	475	645	
12	0	0	0	0	499	638	
13	0	0	0	0	537	627	
14	0	0	0	0	484	603	
15	0	0	0	0	568	569	
0	0	0	0	0	491	553	
1	0	0	0	0	466	574	
2	0	0	0	0	633	591	
3	0	0	0	0	399	616	
4	0	0	0	0	542	624	
5	0	0	0	0	482	620	
6	0	0	0	0	535	609	
7	0	0	0	0	434	589	
8	0	0	0	0	580	579	
9	0	0	0	0	478	560	
10	0	0	0	0	600	565	
11	0	0	0	0	524	589	
12	0	0	0	0	471	611	
13	0	0	0	0	521	614	
14	0	0	0	0	459	588	
15	0	0	0	0	542	564	
0	0	0	0	0	537	579	
1	0	0	0	0	558	601	
2	0	0	0	0	493	590	
3	0	0	0	0	514	561	
4	0	0	0	0	455	570	
5	0	0	0	0	534	592	
6	0	0	0	0	382	600	
7	0	0	0	0	604	604	
8	0	0	0	0	457	619	
9	0	0	0	0	486	632	
10	0	0	0	0	563	633	
11	0	0	0	0	575	593	
12	0	0	0	0	470	572	
13	0	0	0	0	539	600	
14	0	0	0	0	502	618	
15	0	0	0	0	511	614	
0	0	0	0	0	554	612	
1	0	0	0	0	495	639	
2	0	0	0	0	502	657	
3	0	0	0	0	553	647	
4	0	0	0	0	515	674	
5	0	0	0	0	537	709	
6	0	0	0	0	507	696	
7	0	0	0	0	463	668	
8	0	0	0	0	452	564	
9	0	0	0	0	558	477	
10	0	0	0	0	541	510	
11	0	0	0	0	507	597	
12	0	0	0	0	473	608	
13	0	0	0	0	499	655	
14	0	0	0	0	564	743	
15	0	0	0	0	502	675	
0	0	0	0	0	448	615	
1	0	0	0	0	556	587	
2	0	0	0	0	446	588	
3	0	0	0	0	504	557	
4	0	0	0	0	484	564	
5	0	0	0	0	559	617	
6	0	0	0	0	515	635	
7	0	0	0	0	475	622	
8	0	0	0	0	568	633	
9	0	0	0	0	448	614	
10	0	0	0	0	525	573	
11	0	0	0	0	510	571	
12	0	0	0	0	499	593	
13	0	0	0	0	511	628	
14	0	0	0	0	504	655	
15	0	0	0	0	524	684	
0	0	0	0	0	448	728	
1	0	0	0	0	519	743	
2	0	0	0	0	483	636	
3	0	0	0	0	538	591	
4	0	0	0	0	485	630	
5	0	0	0	0	505	635	
6	0	0	0	0	529	637	
7	0	0	0	0	508	670	
8	0	0	0	0	519	709	
9	0	0	0	0	430	718	
10	0	0	0	0	516	702	
11	0	0	0	0	593	706	
12	0	0	0	0	448	700	
13	0	0	0	0	500	684	
14	0	0	0	0	564	664	
15	0	0	0	0	510	614	
0	0	0	0	0	486	549	
1	0	0	0	0	463	517	
2	0	0	0	0	504	487	
3	0	0	0	0	526	456	
4	0	0	0	0	564	448	
5	0	0	0	0	429	460	
6	0	0	0	0	552	520	
7	0	0	0	0	485	562	
8	0	0	0	0	489	597	
9	0	0	0	0	541	627	
10	0	0	0	0	503	641	
11	0	0	0	0	528	606	
12	0	0	0	0	448	582	
13	0	0	0	0	515	568	
14	0	0	0	0	518	568	
15	0	0	0	0	504	536	
0	0	0	0	0	472	523	
1	0	0	0	0	509	552	
2	0	0	0	0	549	589	
3	0	0	0	0	477	609	
4	0	0	0	0	504	628	
5	0	0	0	0	515	638	
6	0	0	0	0	525	644	
7	0	0	0	0	497	623	
8	0	0	0	0	497	605	
9	0	0	0	0	530	595	
10	0	0	0	0	511	590	
11	0	0	0	0	493	577	
12	0	0	0	0	519	582	
13	0	0	0	0	500	592	
14	0	0	0	0	504	593	
15	0	0	0	0	514	602	
0	0	0	0	0	518	617	
1	0	0	0	0	506	626	
2	0	0	0	0	510	626	
3	0	0	0	0	510	622	
4	0	0	0	0	507	610	
5	0	0	0	0	501	600	
6	0	0	0	0	509	592	
7	0	0	0	0	506	588	
8	0	0	0	0	508	589	
9	0	0	0	0	515	592	
10	0	0	0	0	496	585	
11	0	0	0	0	518	581	
12	0	0	0	0	516	590	
13	0	0	0	0	514	593	
14	0	0	0	0	508	593	
15	0	0	0	0	506	604	
0	0	0	0	0	513	612	
1	0	0	0	0	500	624	
2	0	0	0	0	507	635	
3	0	0	0	0	515	637	
4	0	0	0	0	513	632	
5	0	0	0	0	511	632	
6	0	0	0	0	518	634	
7	0	0	0	0	508	619	
8	0	0	0	0	510	609	
9	0	0	0	0	510	607	
10	0	0	0	0	511	611	
11	0	0	0	0	508	615	
12	0	0	0	0	507	620	
13	0	0	0	0	506	615	
14	0	0	0	0	508	612	
15	0	0	0	0	510	609	
0	0	0	0	0	512	601	
1	0	0	0	0	511	603	
2	0	0	0	0	513	602	
3	0	0	0	0	510	590	
4	0	0	0	0	512	599	
5	0	0	0	0	515	592	
6	0	0	0	0	513	589	
7	0	0	0	0	508	592	
8	0	0	0	0	509	573	
9	0	0	0	0	507	543	
10	0	0	0	0	512	527	
11	0	0	0	0	510	537	
12	0	0	0	0	515	561	
13	0	0	0	0	507	596	
14	0	0	0	0	508	627	
15	0	0	0	0	508	646	
0	0	0	0	0	510	654	
1	0	0	0	0	508	648	
2	0	0	0	0	512	631	
3	0	0	0	0	508	618	
4	0	0	0	0	508	593	
5	0	0	0	0	510	577	
6	0	0	0	0	505	592	
7	0	0	0	0	506	623	
8	0	0	0	0	508	643	
9	0	0	0	0	508	659	
10	0	0	0	0	510	672	
11	0	0	0	0	511	664	
12	0	0	0	0	512	652	
13	0	0	0	0	510	647	
14	0	0	0	0	507	639	
15	0	0	0	0	503	615	
0	0	0	0	0	507	589	
1	0	0	0	0	511	586	
2	0	0	0	0	508	601	
3	0	0	0	0	514	615	
4	0	0	0	0	510	627	
5	0	0	0	0	521	642	
6	0	0	0	0	510	650	
7	0	0	0	0	515	638	
8	0	0	0	0	508	639	
9	0	0	0	0	506	639	
10	0	0	0	0	501	647	
11	0	0	0	0	495	645	
12	0	0	0	0	507	636	
13	0	0	0	0	506	622	
14	0	0	0	0	514	600	
15	0	0	0	0	522	583	
0	0	0	0	0	523	578	
1	0	0	0	0	511	585	
2	0	0	0	0	503	598	
3	0	0	0	0	503	614	
4	0	0	0	0	503	627	
5	0	0	0	0	504	630	
6	0	0	0	0	510	632	
7	0	0	0	0	513	634	
8	0	0	0	0	513	636	
9	0	0	0	0	512	631	
10	0	0	0	0	513	623	
11	0	0	0	0	514	618	
12	0	0	0	0	510	617	
13	0	0	0	0	512	610	
14	0	0	0	0	520	603	
15	0	0	0	0	511	595	
0	0	0	0	0	509	596	
1	0	0	0	0	505	601	
2	0	0	0	0	506	608	
3	0	0	0	0	500	615	
4	0	0	0	0	523	622	
5	0	0	0	0	498	624	
6	0	0	0	0	524	617	
7	0	0	0	0	510	619	
8	0	0	0	0	503	615	
9	0	0	0	0	516	608	
10	0	0	0	0	504	604	
11	0	0	0	0	518	606	
12	0	0	0	0	509	604	
13	0	0	0	0	511	600	
14	0	0	0	0	518	601	
15	0	0	0	0	505	596	
0	0	0	0	0	509	587	
1	0	0	0	0	504	585	
2	0	0	0	0	509	584	
3	0	0	0	0	527	593	
4	0	0	0	0	504	598	
5	0	0	0	0	527	600	
6	0	0	0	0	511	605	
7	0	0	0	0	510	606	
8	0	0	0	0	512	606	
9	0	0	0	0	500	600	
10	0	0	0	0	502	600	
11	0	0	0	0	508	597	
12	0	0	0	0	501	592	
13	0	0	0	0	512	589	
14	0	0	0	0	497	588	
15	0	0	0	0	493	588	
0	0	0	0	0	503	594	
1	0	0	0	0	499	594	
2	0	0	0	0	499	586	
3	0	0	0	0	519	577	
4	0	0	0	0	510	575	
5	0	0	0	0	501	583	
6	0	0	0	0	505	591	
7	0	0	0	0	495	584	
8	0	0	0	0	504	574	
9	0	0	0	0	517	571	
10	0	0	0	0	524	569	
11	0	0	0	0	503	563	
12	0	0	0	0	499	561	
13	0	0	0	0	505	558	
14	0	0	0	0	510	551	
15	0	0	0	0	490	548	
0	0	0	0	0	501	548	
1	0	0	0	0	503	554	
2	0	0	0	0	494	562	
3	0	0	0	0	498	567	
4	0	0	0	0	527	570	
5	0	0	0	0	537	573	
6	0	0	0	0	504	576	
7	0	0	0	0	508	575	
8	0	0	0	0	527	574	
9	0	0	0	0	521	569	
10	0	0	0	0	539	566	
11	0	0	0	0	514	558	
12	0	0	0	0	494	553	
13	0	0	0	0	518	548	
14	0	0	0	0	478	546	
15	0	0	0	0	513	545	
0	0	0	0	0	516	547	
1	0	0	0	0	509	549	
2	0	0	0	0	518	557	
3	0	0	0	0	496	567	
4	0	0	0	0	568	572	
5	0	0	0	0	519	574	
6	0	0	0	0	508	571	
7	0	0	0	0	561	567	
8	0	0	0	0	527	574	
9	0	0	0	0	504	583	
10	0	0	0	0	506	584	
11	0	0	0	0	489	585	
12	0	0	0	0	505	583	
13	0	0	0	0	521	580	
14	0	0	0	0	515	577	
15	0	0	0	0	498	577	
0	0	0	0	0	503	593	
1	0	0	0	0	487	619	
2	0	0	0	0	532	636	
3	0	0	0	0	512	656	
4	0	0	0	0	529	660	
5	0	0	0	0	491	630	
6	0	0	0	0	510	568	
7	0	0	0	0	555	531	
8	0	0	0	0	467	535	
9	0	0	0	0	538	564	
10	0	0	0	0	525	624	
11	0	0	0	0	467	660	
12	0	0	0	0	525	656	
13	0	0	0	0	520	642	
14	0	0	0	0	616	624	
15	0	0	0	0	459	585	
0	0	0	0	0	564	552	
1	0	0	0	0	528	551	
2	0	0	0	0	588	591	
3	0	0	0	0	427	655	
4	0	0	0	0	589	694	
5	0	0	0	0	438	706	
6	0	0	0	0	489	701	
7	0	0	0	0	478	634	
8	0	0	0	0	518	544	
9	0	0	0	0	396	471	
10	0	0	0	0	439	519	
11	0	0	0	0	547	591	
12	0	0	0	0	519	592	
13	0	0	0	0	521	577	
14	0	0	0	0	540	557	
15	0	0	0	0	570	576	
0	0	0	0	0	534	585	
1	0	0	0	0	489	572	
2	0	0	0	0	496	583	
3	0	0	0	0	444	578	
4	0	0	0	0	640	523	
5	0	0	0	0	497	550	
6	0	0	0	0	530	553	
7	0	0	0	0	517	587	
8	0	0	0	0	647	635	
9	0	0	0	0	457	637	
10	0	0	0	0	568	630	
11	0	0	0	0	514	607	
12	0	0	0	0	522	608	
13	0	0	0	0	432	601	
14	0	0	0	0	518	573	
15	0	0	0	0	486	573	
0	0	0	0	0	499	576	
1	0	0	0	0	489	584	
2	0	0	0	0	523	613	
3	0	0	0	0	501	684	
4	0	0	0	0	482	702	
5	0	0	0	0	519	672	
6	0	0	0	0	553	642	
7	0	0	0	0	533	588	
8	0	0	0	0	546	590	
9	0	0	0	0	437	624	
10	0	0	0	0	562	640	
11	0	0	0	0	509	653	
12	0	0	0	0	496	716	
13	0	0	0	0	514	718	
14	0	0	0	0	494	643	
15	0	0	0	0	581	611	
0	0	0	0	0	442	592	
1	0	0	0	0	515	595	
2	0	0	0	0	515	625	
3	0	0	0	0	511	620	
4	0	0	0	0	471	656	
5	0	0	0	0	494	700	
6	0	0	0	0	512	674	
7	0	0	0	0	595	649	
8	0	0	0	0	463	584	
9	0	0	0	0	472	516	
10	0	0	0	0	598	544	
11	0	0	0	0	448	576	
12	0	0	0	0	562	588	
13	0	0	0	0	540	630	
14	0	0	0	0	468	666	
15	0	0	0	0	553	705	
0	0	0	0	0	445	680	
1	0	0	0	0	525	570	
2	0	0	0	0	489	561	
3	0	0	0	0	507	590	
4	0	0	0	0	463	511	
5	0	0	0	0	480	520	
6	0	0	0	0	473	573	
7	0	0	0	0	567	600	
8	0	0	0	0	510	625	
9	0	0	0	0	483	669	
10	0	0	0	0	476	633	
11	0	0	0	0	518	610	
12	0	0	0	0	501	551	
13	0	0	0	0	446	508	
14	0	0	0	0	249	497	
15	0	0	0	0	609	526	
0	0	0	0	0	288	588	
1	0	0	0	0	575	591	
2	0	0	0	0	554	604	
3	0	0	0	0	519	693	
4	0	0	0	0	495	617	
5	0	0	0	0	534	531	
6	0	0	0	0	537	483	
7	0	0	0	0	476	480	
8	0	0	0	0	559	516	
9	0	0	0	0	476	553	
10	0	0	0	0	497	611	
11	0	0	0	0	515	701	
12	0	0	0	0	515	734	
13	0	0	0	0	497	710	
14	0	0	0	0	496	660	
15	0	0	0	0	541	629	
0	0	0	0	0	548	607	
1	0	0	0	0	466	591	
2	0	0	0	0	525	579	
3	0	0	0	0	520	583	
4	0	0	0	0	489	589	
5	0	0	0	0	516	616	
6	0	0	0	0	519	639	
7	0	0	0	0	501	633	
8	0	0	0	0	501	628	
9	0	0	0	0	512	632	
10	0	0	0	0	503	632	
11	0	0	0	0	511	608	
12	0	0	0	0	510	580	
13	0	0	0	0	507	571	
14	0	0	0	0	514	571	
15	0	0	0	0	512	568	
0	0	0	0	0	518	568	
1	0	0	0	0	512	576	
2	0	0	0	0	525	592	
3	0	0	0	0	502	622	
4	0	0	0	0	513	644	
5	0	0	0	0	504	653	
6	0	0	0	0	507	647	
7	0	0	0	0	502	637	
8	0	0	0	0	505	628	
9	0	0	0	0	510	615	
10	0	0	0	0	512	608	
11	0	0	0	0	516	599	
12	0	0	0	0	518	595	
13	0	0	0	0	511	585	
14	0	0	0	0	513	580	
15	0	0	0	0	505	577	
0	0	0	0	0	511	592	
1	0	0	0	0	511	602	
2	0	0	0	0	510	607	
3	0	0	0	0	511	601	
4	0	0	0	0	514	607	
5	0	0	0	0	504	619	
6	0	0	0	0	512	626	
7	0	0	0	0	503	628	
8	0	0	0	0	511	627	
9	0	0	0	0	506	619	
10	0	0	0	0	510	617	
11	0	0	0	0	511	633	
12	0	0	0	0	510	647	
13	0	0	0	0	510	657	
14	0	0	0	0	512	651	
15	0	0	0	0	508	643	
0	0	0	0	0	498	631	
1	0	0	0	0	507	633	
2	0	0	0	0	514	643	
3	0	0	0	0	512	647	
4	0	0	0	0	519	637	
5	0	0	0	0	510	617	
6	0	0	0	0	508	600	
7	0	0	0	0	509	601	
8	0	0	0	0	505	615	
9	0	0	0	0	511	632	
10	0	0	0	0	512	646	
11	0	0	0	0	510	645	
12	0	0	0	0	512	631	
13	0	0	0	0	507	632	
14	0	0	0	0	513	627	
15	0	0	0	0	513	623	
0	0	0	0	0	509	613	
1	0	0	0	0	512	600	
2	0	0	0	0	509	601	
3	0	0	0	0	510	606	
4	0	0	0	0	507	621	
5	0	0	0	0	503	627	
6	0	0	0	0	507	637	
7	0	0	0	0	521	639	
8	0	0	0	0	487	634	
9	0	0	0	0	514	632	
10	0	0	0	0	515	629	
11	0	0	0	0	514	620	
12	0	0	0	0	491	612	
13	0	0	0	0	511	603	
14	0	0	0	0	519	602	
15	0	0	0	0	507	617	
0	0	0	0	0	505	620	
1	0	0	0	0	510	613	
2	0	0	0	0	513	612	
3	0	0	0	0	508	612	
4	0	0	0	0	510	613	
5	0	0	0	0	511	608	
6	0	0	0	0	509	611	
7	0	0	0	0	507	608	
8	0	0	0	0	510	604	
9	0	0	0	0	511	605	
10	0	0	0	0	508	604	
11	0	0	0	0	512	605	
12	0	0	0	0	511	608	
13	0	0	0	0	508	608	
14	0	0	0	0	511	609	
15	0	0	0	0	511	609	
0	0	0	0	0	508	609	
1	0	0	0	0	511	610	
2	0	0	0	0	508	609	
3	0	0	0	0	515	611	
4	0	0	0	0	510	610	
5	0	0	0	0	511	608	
6	0	0	0	0	507	604	
7	0	0	0	0	509	603	
8	0	0	0	0	507	598	
9	0	0	0	0	507	590	
10	0	0	0	0	510	593	
11	0	0	0	0	512	601	
12	0	0	0	0	506	604	
13	0	0	0	0	510	610	
14	0	0	0	0	508	613	
15	0	0	0	0	503	608	
0	0	0	0	0	502	609	
1	0	0	0	0	497	614	
2	0	0	0	0	507	607	
3	0	0	0	0	507	599	
4	0	0	0	0	485	600	
5	0	0	0	0	515	601	
6	0	0	0	0	509	601	
7	0	0	0	0	506	595	
8	0	0	0	0	509	583	
9	0	0	0	0	504	572	
10	0	0	0	0	498	572	
11	0	0	0	0	514	581	
12	0	0	0	0	502	580	
13	0	0	0	0	505	580	
14	0	0	0	0	524	579	
15	0	0	0	0	514	579	
0	0	0	0	0	512	576	
1	0	0	0	0	543	574	
2	0	0	0	0	500	579	
3	0	0	0	0	496	583	
4	0	0	0	0	500	586	
5	0	0	0	0	512	594	
6	0	0	0	0	483	594	
7	0	0	0	0	535	595	
8	0	0	0	0	516	598	
9	0	0	0	0	513	592	
10	0	0	0	0	503	585	
11	0	0	0	0	511	576	
12	0	0	0	0	537	566	
13	0	0	0	0	512	556	
14	0	0	0	0	528	542	
15	0	0	0	0	537	549	
0	0	0	0	0	512	571	
1	0	0	0	0	496	579	
2	0	0	0	0	512	590	
3	0	0	0	0	509	590	
4	0	0	0	0	562	587	
5	0	0	0	0	480	583	
6	0	0	0	0	471	570	
7	0	0	0	0	470	552	
8	0	0	0	0	509	536	
9	0	0	0	0	493	527	
10	0	0	0	0	483	524	
11	0	0	0	0	514	541	
12	0	0	0	0	505	560	
13	0	0	0	0	522	578	
14	0	0	0	0	508	584	
15	0	0	0	0	529	593	
0	0	0	0	0	527	591	
1	0	0	0	0	522	568	
2	0	0	0	0	536	547	
3	0	0	0	0	535	537	
4	0	0	0	0	518	536	
5	0	0	0	0	537	540	
6	0	0	0	0	512	547	
7	0	0	0	0	506	559	
8	0	0	0	0	517	570	
9	0	0	0	0	503	578	
10	0	0	0	0	498	573	
11	0	0	0	0	487	577	
12	0	0	0	0	498	576	
13	0	0	0	0	510	572	
14	0	0	0	0	506	565	
15	0	0	0	0	524	557	
0	0	0	0	0	505	556	
1	0	0	0	0	499	566	
2	0	0	0	0	521	587	
3	0	0	0	0	489	617	
4	0	0	0	0	472	644	
5	0	0	0	0	610	645	
6	0	0	0	0	467	624	
7	0	0	0	0	506	604	
8	0	0	0	0	595	551	
9	0	0	0	0	456	529	
10	0	0	0	0	489	553	
11	0	0	0	0	625	578	
12	0	0	0	0	439	615	
13	0	0	0	0	487	621	
14	0	0	0	0	554	620	
15	0	0	0	0	531	627	
0	0	0	0	0	438	622	
1	0	0	0	0	521	592	
2	0	0	0	0	649	567	
3	0	0	0	0	487	555	
4	0	0	0	0	477	558	
5	0	0	0	0	508	558	
6	0	0	0	0	495	596	
7	0	0	0	0	464	621	
8	0	0	0	0	562	601	
9	0	0	0	0	495	606	
10	0	0	0	0	548	573	
11	0	0	0	0	423	561	
12	0	0	0	0	590	606	
13	0	0	0	0	452	628	
14	0	0	0	0	561	612	
15	0	0	0	0	510	583	
0	0	0	0	0	501	515	
1	0	0	0	0	515	543	
2	0	0	0	0	414	558	
3	0	0	0	0	477	567	
4	0	0	0	0	515	563	
5	0	0	0	0	528	594	
6	0	0	0	0	483	623	
7	0	0	0	0	536	639	
8	0	0	0	0	557	633	
9	0	0	0	0	538	570	
10	0	0	0	0	455	557	
11	0	0	0	0	573	557	
12	0	0	0	0	479	557	
13	0	0	0	0	531	593	
14	0	0	0	0	589	618	
15	0	0	0	0	512	634	
0	0	0	0	0	529	669	
1	0	0	0	0	507	654	
2	0	0	0	0	480	588	
3	0	0	0	0	534	583	
4	0	0	0	0	504	576	
5	0	0	0	0	529	560	
6	0	0	0	0	423	595	
7	0	0	0	0	607	636	
8	0	0	0	0	526	652	
9	0	0	0	0	499	636	
10	0	0	0	0	497	639	
11	0	0	0	0	478	633	
12	0	0	0	0	572	613	
13	0	0	0	0	448	596	
14	0	0	0	0	484	584	
15	0	0	0	0	579	594	
0	0	0	0	0	497	608	
1	0	0	0	0	539	625	
2	0	0	0	0	481	640	
3	0	0	0	0	455	667	
4	0	0	0	0	548	686	
5	0	0	0	0	495	671	
6	0	0	0	0	526	614	
7	0	0	0	0	524	582	
8	0	0	0	0	499	570	
9	0	0	0	0	568	601	
10	0	0	0	0	463	636	
11	0	0	0	0	520	669	
12	0	0	0	0	521	686	
13	0	0	0	0	505	720	
14	0	0	0	0	454	713	
15	0	0	0	0	629	650	
0	0	0	0	0	476	621	
1	0	0	0	0	511	626	
2	0	0	0	0	642	612	
3	0	0	0	0	540	607	
4	0	0	0	0	460	631	
5	0	0	0	0	590	667	
6	0	0	0	0	494	686	
7	0	0	0	0	504	668	
8	0	0	0	0	527	663	
9	0	0	0	0	486	661	
10	0	0	0	0	474	638	
11	0	0	0	0	540	637	
12	0	0	0	0	498	618	
13	0	0	0	0	497	533	
14	0	0	0	0	543	502	
15	0	0	0	0	444	504	
0	0	0	0	0	541	474	
1	0	0	0	0	535	452	
2	0	0	0	0	523	486	
3	0	0	0	0	577	501	
4	0	0	0	0	437	509	
5	0	0	0	0	467	558	
6	0	0	0	0	487	609	
7	0	0	0	0	531	640	
8	0	0	0	0	554	643	
9	0	0	0	0	507	614	
10	0	0	0	0	506	573	
11	0	0	0	0	505	575	
12	0	0	0	0	478	571	
13	0	0	0	0	481	554	
14	0	0	0	0	523	547	
15	0	0	0	0	494	558	
0	0	0	0	0	537	597	
1	0	0	0	0	524	613	
2	0	0	0	0	562	605	
3	0	0	0	0	497	627	
4	0	0	0	0	524	655	
5	0	0	0	0	484	659	
6	0	0	0	0	512	656	
7	0	0	0	0	495	651	
8	0	0	0	0	504	635	
9	0	0	0	0	507	626	
10	0	0	0	0	520	621	
11	0	0	0	0	515	607	
12	0	0	0	0	512	589	
13	0	0	0	0	500	591	
14	0	0	0	0	518	581	
15	0	0	0	0	512	575	
0	0	0	0	0	499	576	
1	0	0	0	0	500	585	
2	0	0	0	0	504	595	
3	0	0	0	0	508	600	
4	0	0	0	0	523	604	
5	0	0	0	0	516	605	
6	0	0	0	0	518	608	
7	0	0	0	0	508	595	
8	0	0	0	0	505	589	
9	0	0	0	0	506	584	
10	0	0	0	0	505	591	
11	0	0	0	0	504	599	
12	0	0	0	0	507	598	
13	0	0	0	0	518	587	
14	0	0	0	0	513	589	
15	0	0	0	0	512	600	
0	0	0	0	0	506	612	
1	0	0	0	0	502	616	
2	0	0	0	0	504	608	
3	0	0	0	0	505	584	
4	0	0	0	0	509	566	
5	0	0	0	0	516	561	
6	0	0	0	0	513	572	
7	0	0	0	0	520	606	
8	0	0	0	0	513	645	
9	0	0	0	0	527	667	
10	0	0	0	0	513	664	
11	0	0	0	0	508	654	
12	0	0	0	0	504	656	
13	0	0	0	0	502	635	
14	0	0	0	0	502	604	
15	0	0	0	0	506	586	
0	0	0	0	0	511	579	
1	0	0	0	0	510	591	
2	0	0	0	0	518	606	
3	0	0	0	0	512	621	
4	0	0	0	0	509	634	
5	0	0	0	0	513	643	
6	0	0	0	0	512	643	
7	0	0	0	0	508	646	
8	0	0	0	0	515	648	
9	0	0	0	0	507	621	
10	0	0	0	0	501	600	
11	0	0	0	0	499	599	
12	0	0	0	0	506	596	
13	0	0	0	0	509	607	
14	0	0	0	0	511	632	
15	0	0	0	0	516	644	
0	0	0	0	0	521	643	
1	0	0	0	0	513	636	
2	0	0	0	0	509	627	
3	0	0	0	0	497	625	
4	0	0	0	0	497	626	
5	0	0	0	0	500	626	
6	0	0	0	0	506	627	
7	0	0	0	0	512	620	
8	0	0	0	0	515	620	
9	0	0	0	0	518	629	
10	0	0	0	0	513	632	
11	0	0	0	0	509	631	
12	0	0	0	0	511	631	
13	0	0	0	0	506	625	
14	0	0	0	0	512	629	
15	0	0	0	0	503	638	
0	0	0	0	0	507	638	
1	0	0	0	0	507	630	
2	0	0	0	0	509	622	
3	0	0	0	0	512	616	
4	0	0	0	0	511	619	
5	0	0	0	0	507	625	
6	0	0	0	0	512	627	
7	0	0	0	0	510	634	
8	0	0	0	0	510	639	
9	0	0	0	0	513	641	
10	0	0	0	0	504	640	
11	0	0	0	0	511	641	
12	0	0	0	0	508	637	
13	0	0	0	0	510	629	
14	0	0	0	0	510	620	
15	0	0	0	0	510	615	
0	0	0	0	0	513	616	
1	0	0	0	0	512	617	
2	0	0	0	0	510	618	
3	0	0	0	0	510	618	
4	0	0	0	0	509	617	
5	0	0	0	0	510	616	
6	0	0	0	0	509	613	
7	0	0	0	0	511	613	
8	0	0	0	0	511	611	
9	0	0	0	0	509	601	
10	0	0	0	0	514	595	
11	0	0	0	0	512	593	
12	0	0	0	0	512	592	
13	0	0	0	0	508	600	
14	0	0	0	0	510	606	
15	0	0	0	0	510	609	
0	0	0	0	0	511	611	
1	0	0	0	0	510	609	
2	0	0	0	0	512	608	
3	0	0	0	0	504	606	
4	0	0	0	0	507	607	
5	0	0	0	0	524	608	
6	0	0	0	0	513	605	
7	0	0	0	0	507	604	
8	0	0	0	0	516	596	
9	0	0	0	0	515	595	
10	0	0	0	0	514	600	
11	0	0	0	0	507	606	
12	0	0	0	0	507	612	
13	0	0	0	0	510	614	
14	0	0	0	0	512	615	
15	0	0	0	0	509	611	
0	0	0	0	0	505	608	
1	0	0	0	0	509	607	
2	0	0	0	0	502	610	
3	0	0	0	0	518	610	
4	0	0	0	0	507	602	
5	0	0	0	0	514	609	
6	0	0	0	0	521	611	
7	0	0	0	0	510	612	
8	0	0	0	0	513	610	
9	0	0	0	0	506	607	
10	0	0	0	0	514	599	
11	0	0	0	0	507	590	
12	0	0	0	0	507	586	
13	0	0	0	0	505	588	
14	0	0	0	0	512	588	
15	0	0	0	0	508	582	
0	0	0	0	0	511	574	
1	0	0	0	0	516	568	
2	0	0	0	0	510	565	
3	0	0	0	0	507	568	
4	0	0	0	0	503	576	
5	0	0	0	0	502	575	
6	0	0	0	0	509	580	
7	0	0	0	0	512	587	
8	0	0	0	0	517	589	
9	0	0	0	0	510	578	
10	0	0	0	0	516	577	
11	0	0	0	0	509	571	
12	0	0	0	0	511	566	
13	0	0	0	0	509	560	
14	0	0	0	0	506	573	
15	0	0	0	0	511	587	
0	0	0	0	0	515	599	
1	0	0	0	0	517	599	
2	0	0	0	0	510	595	
3	0	0	0	0	505	592	
4	0	0	0	0	512	582	
5	0	0	0	0	505	575	
6	0	0	0	0	505	578	
7	0	0	0	0	509	582	
8	0	0	0	0	511	581	
9	0	0	0	0	535	580	
10	0	0	0	0	479	581	
11	0	0	0	0	496	578	
12	0	0	0	0	504	574	
13	0	0	0	0	524	573	
14	0	0	0	0	512	579	
15	0	0	0	0	519	581	
0	0	0	0	0	518	584	
1	0	0	0	0	503	586	
2	0	0	0	0	518	582	
3	0	0	0	0	509	577	
4	0	0	0	0	500	575	
5	0	0	0	0	514	583	
6	0	0	0	0	509	568	
7	0	0	0	0	505	567	
8	0	0	0	0	505	566	
9	0	0	0	0	499	567	
10	0	0	0	0	500	566	
11	0	0	0	0	539	567	
12	0	0	0	0	502	570	
13	0	0	0	0	533	574	
14	0	0	0	0	512	567	
15	0	0	0	0	507	565	
0	0	0	0	0	510	565	
1	0	0	0	0	510	563	
2	0	0	0	0	515	556	
3	0	0	0	0	496	551	
4	0	0	0	0	519	557	
5	0	0	0	0	497	568	
6	0	0	0	0	514	574	
7	0	0	0	0	516	573	
8	0	0	0	0	513	570	
9	0	0	0	0	492	563	
10	0	0	0	0	524	558	
11	0	0	0	0	515	560	
12	0	0	0	0	491	569	
13	0	0	0	0	508	576	
14	0	0	0	0	505	575	
15	0	0	0	0	511	570	
0	0	0	0	0	518	569	
1	0	0	0	0	502	568	
2	0	0	0	0	499	570	
3	0	0	0	0	513	564	
4	0	0	0	0	516	564	
5	0	0	0	0	513	565	
6	0	0	0	0	507	564	
7	0	0	0	0	502	563	
8	0	0	0	0	517	565	
9	0	0	0	0	509	562	
10	0	0	0	0	526	561	
11	0	0	0	0	519	561	
12	0	0	0	0	511	561	
13	0	0	0	0	504	566	
14	0	0	0	0	509	571	
15	0	0	0	0	487	573	
0	0	0	0	0	500	571	
1	0	0	0	0	505	568	
2	0	0	0	0	512	560	
3	0	0	0	0	509	556	
4	0	0	0	0	507	555	
5	0	0	0	0	508	554	
6	0	0	0	0	510	559	
7	0	0	0	0	510	564	
8	0	0	0	0	519	564	
9	0	0	0	0	509	568	
10	0	0	0	0	540	568	
11	0	0	0	0	511	562	
12	0	0	0	0	508	561	
13	0	0	0	0	499	561	
14	0	0	0	0	505	560	
15	0	0	0	0	510	557	
0	0	0	0	0	504	555	
1	0	0	0	0	510	556	
2	0	0	0	0	505	557	
3	0	0	0	0	505	559	
4	0	0	0	0	519	560	
5	0	0	0	0	535	559	
6	0	0	0	0	518	555	
7	0	0	0	0	509	554	
8	0	0	0	0	511	552	
9	0	0	0	0	496	547	
10	0	0	0	0	517	543	
11	0	0	0	0	500	543	
12	0	0	0	0	502	547	
13	0	0	0	0	510	553	
14	0	0	0	0	497	559	
15	0	0	0	0	519	566	
0	0	0	0	0	513	566	
1	0	0	0	0	508	564	
2	0	0	0	0	511	560	
3	0	0	0	0	501	554	
4	0	0	0	0	502	554	
5	0	0	0	0	502	558	
6	0	0	0	0	519	558	
7	0	0	0	0	509	562	
8	0	0	0	0	521	568	
9	0	0	0	0	507	571	
10	0	0	0	0	509	572	
11	0	0	0	0	513	572	
12	0	0	0	0	501	569	
13	0	0	0	0	511	573	
14	0	0	0	0	511	572	
15	0	0	0	0	513	566	
0	0	0	0	0	509	563	
1	0	0	0	0	508	566	
2	0	0	0	0	514	567	
3	0	0	0	0	518	563	
4	0	0	0	0	514	562	
5	0	0	0	0	510	565	
6	0	0	0	0	511	562	
7	0	0	0	0	490	554	
8	0	0	0	0	503	550	
9	0	0	0	0	508	555	
10	0	0	0	0	508	554	
11	0	0	0	0	509	553	
12	0	0	0	0	517	555	
13	0	0	0	0	508	560	
14	0	0	0	0	515	567	
15	0	0	0	0	507	568	
0	0	0	0	0	533	566	
1	0	0	0	0	508	564	
2	0	0	0	0	503	561	
3	0	0	0	0	507	557	
4	0	0	0	0	509	559	
5	0	0	0	0	503	563	
6	0	0	0	0	503	564	
7	0	0	0	0	507	566	
8	0	0	0	0	505	567	
9	0	0	0	0	510	559	
10	0	0	0	0	511	559	
11	0	0	0	0	510	569	
12	0	0	0	0	512	574	
13	0	0	0	0	511	567	
14	0	0	0	0	515	563	
15	0	0	0	0	510	564	
0	0	0	0	0	506	568	
1	0	0	0	0	507	571	
2	0	0	0	0	507	570	
3	0	0	0	0	512	569	
4	0	0	0	0	501	563	
5	0	0	0	0	509	558	
6	0	0	0	0	517	552	
7	0	0	0	0	519	552	
8	0	0	0	0	510	556	
9	0	0	0	0	498	563	
10	0	0	0	0	507	566	
11	0	0	0	0	508	570	
12	0	0	0	0	510	575	
13	0	0	0	0	510	576	
14	0	0	0	0	520	574	
15	0	0	0	0	515	572	
0	0	0	0	0	507	571	
1	0	0	0	0	511	568	
2	0	0	0	0	505	566	
3	0	0	0	0	509	567	
4	0	0	0	0	508	569	
5	0	0	0	0	510	571	
6	0	0	0	0	509	571	
7	0	0	0	0	510	572	
8	0	0	0	0	508	572	
9	0	0	0	0	513	570	
10	0	0	0	0	511	564	
11	0	0	0	0	510	563	
12	0	0	0	0	509	561	
13	0	0	0	0	511	562	
14	0	0	0	0	512	567	
15	0	0	0	0	510	573	
0	0	0	0	0	509	576	
1	0	0	0	0	511	576	
2	0	0	0	0	513	575	
3	0	0	0	0	508	577	
4	0	0	0	0	508	579	
5	0	0	0	0	508	576	
6	0	0	0	0	510	573	
7	0	0	0	0	510	572	
8	0	0	0	0	509	574	
9	0	0	0	0	510	578	
10	0	0	0	0	511	582	
11	0	0	0	0	514	586	
12	0	0	0	0	510	590	
13	0	0	0	0	511	590	
14	0	0	0	0	510	589	
15	0	0	0	0	513	587	
0	0	0	0	0	510	581	
1	0	0	0	0	509	579	
2	0	0	0	0	511	576	
3	0	0	0	0	509	571	
4	0	0	0	0	511	571	
5	0	0	0	0	511	572	
6	0	0	0	0	508	574	
7	0	0	0	0	502	576	
8	0	0	0	0	504	578	
9	0	0	0	0	509	581	
10	0	0	0	0	509	579	
11	0	0	0	0	510	577	
12	0	0	0	0	512	577	
13	0	0	0	0	502	576	
14	0	0	0	0	511	576	
15	0	0	0	0	509	576	
0	0	0	0	0	511	578	
1	0	0	0	0	523	583	
2	0	0	0	0	522	587	
3	0	0	0	0	508	588	
4	0	0	0	0	519	592	
5	0	0	0	0	511	594	
6	0	0	0	0	508	592	
7	0	0	0	0	502	595	
8	0	0	0	0	512	598	
9	0	0	0	0	505	604	
10	0	0	0	0	518	606	
11	0	0	0	0	511	606	
12	0	0	0	0	512	611	
13	0	0	0	0	507	604	
14	0	0	0	0	510	602	
15	0	0	0	0	503	610	
0	0	0	0	0	504	615	
1	0	0	0	0	511	620	
2	0	0	0	0	507	622	
3	0	0	0	0	515	627	
4	0	0	0	0	505	630	
5	0	0	0	0	504	629	
6	0	0	0	0	522	622	
7	0	0	0	0	500	607	
8	0	0	0	0	532	599	
9	0	0	0	0	497	601	
10	0	0	0	0	511	605	
11	0	0	0	0	511	612	
12	0	0	0	0	507	622	
13	0	0	0	0	502	631	
14	0	0	0	0	522	636	
15	0	0	0	0	514	636	
0	0	0	0	0	499	628	
1	0	0	0	0	514	623	
2	0	0	0	0	506	619	
3	0	0	0	0	535	609	
4	0	0	0	0	494	603	
5	0	0	0	0	516	606	
6	0	0	0	0	531	610	
7	0	0	0	0	509	617	
8	0	0	0	0	485	621	
9	0	0	0	0	531	624	
10	0	0	0	0	506	624	
11	0	0	0	0	487	621	
12	0	0	0	0	523	623	
13	0	0	0	0	516	623	
14	0	0	0	0	492	618	
15	0	0	0	0	478	609	
0	0	0	0	0	517	600	
1	0	0	0	0	538	598	
2	0	0	0	0	554	593	
3	0	0	0	0	509	586	
4	0	0	0	0	513	583	
5	0	0	0	0	480	583	
6	0	0	0	0	481	587	
7	0	0	0	0	490	588	
8	0	0	0	0	496	593	
9	0	0	0	0	510	599	
10	0	0	0	0	518	594	
11	0	0	0	0	527	584	
12	0	0	0	0	508	578	
13	0	0	0	0	526	572	
14	0	0	0	0	521	568	
15	0	0	0	0	504	570	
0	0	0	0	0	505	568	
1	0	0	0	0	506	579	
2	0	0	0	0	514	591	
3	0	0	0	0	511	592	
4	0	0	0	0	523	600	
5	0	0	0	0	505	605	
6	0	0	0	0	521	609	
7	0	0	0	0	517	604	
8	0	0	0	0	513	598	
9	0	0	0	0	501	596	
10	0	0	0	0	513	593	
11	0	0	0	0	504	597	
12	0	0	0	0	495	596	
13	0	0	0	0	502	597	
14	0	0	0	0	505	604	
15	0	0	0	0	496	600	
0	0	0	0	0	511	604	
1	0	0	0	0	529	608	
2	0	0	0	0	528	607	
3	0	0	0	0	505	610	
4	0	0	0	0	515	612	
5	0	0	0	0	517	610	
6	0	0	0	0	516	606	
7	0	0	0	0	509	600	
8	0	0	0	0	498	601	
9	0	0	0	0	502	600	
10	0	0	0	0	516	603	
11	0	0	0	0	506	604	
12	0	0	0	0	492	606	
13	0	0	0	0	513	616	
14	0	0	0	0	502	626	
15	0	0	0	0	508	632	
0	0	0	0	0	519	647	
1	0	0	0	0	507	654	
2	0	0	0	0	513	654	
3	0	0	0	0	514	649	
4	0	0	0	0	519	641	
5	0	0	0	0	510	627	
6	0	0	0	0	506	616	
7	0	0	0	0	507	606	
8	0	0	0	0	519	603	
9	0	0	0	0	513	608	
10	0	0	0	0	514	583	
11	0	0	0	0	510	569	
12	0	0	0	0	513	697	
13	0	0	0	0	503	667	
14	0	0	0	0	507	679	
15	0	0	0	0	494	738	
0	0	0	0	0	525	710	
1	0	0	0	0	512	529	
2	0	0	0	0	507	556	
3	0	0	0	0	514	518	
4	0	0	0	0	538	757	
5	0	0	0	0	528	836	
6	0	0	0	0	507	630	
7	0	0	0	0	502	546	
8	0	0	0	0	494	562	
9	0	0	0	0	497	600	
10	0	0	0	0	504	615	
11	0	0	0	0	511	610	
12	0	0	0	0	500	586	
13	0	0	0	0	497	581	
14	0	0	0	0	512	593	
15	0	0	0	0	503	604	
0	0	0	0	0	532	606	
1	0	0	0	0	515	619	
2	0	0	0	0	521	623	
3	0	0	0	0	527	616	
4	0	0	0	0	522	621	
5	0	0	0	0	523	630	
6	0	0	0	0	506	621	
7	0	0	0	0	494	598	
8	0	0	0	0	500	624	
9	0	0	0	0	497	697	
10	0	0	0	0	506	703	
11	0	0	0	0	512	703	
12	0	0	0	0	504	686	
13	0	0	0	0	507	658	
14	0	0	0	0	504	639	
15	0	0	0	0	511	623	
0	0	0	0	0	510	611	
1	0	0	0	0	511	603	
2	0	0	0	0	517	587	
3	0	0	0	0	514	591	
4	0	0	0	0	507	587	
5	0	0	0	0	508	587	
6	0	0	0	0	502	601	
7	0	0	0	0	494	625	
8	0	0	0	0	508	632	
9	0	0	0	0	510	666	
10	0	0	0	0	516	665	
11	0	0	0	0	512	651	
12	0	0	0	0	513	598	
13	0	0	0	0	498	560	
14	0	0	0	0	502	562	
15	0	0	0	0	509	558	
0	0	0	0	0	504	577	
1	0	0	0	0	501	586	
2	0	0	0	0	489	602	
3	0	0	0	0	502	620	
4	0	0	0	0	510	630	
5	0	0	0	0	521	658	
6	0	0	0	0	525	647	
7	0	0	0	0	516	640	
8	0	0	0	0	515	628	
9	0	0	0	0	514	627	
10	0	0	0	0	519	619	
11	0	0	0	0	520	616	
12	0	0	0	0	511	622	
13	0	0	0	0	510	626	
14	0	0	0	0	514	614	
15	0	0	0	0	510	612	
0	0	0	0	0	511	619	
1	0	0	0	0	511	618	
2	0	0	0	0	509	623	
3	0	0	0	0	512	622	
4	0	0	0	0	505	622	
5	0	0	0	0	512	619	
6	0	0	0	0	510	615	
7	0	0	0	0	509	624	
8	0	0	0	0	508	621	
9	0	0	0	0	506	600	
10	0	0	0	0	514	600	
11	0	0	0	0	508	601	
12	0	0	0	0	514	598	
13	0	0	0	0	516	602	
14	0	0	0	0	511	588	
15	0	0	0	0	500	644	
0	0	0	0	0	511	596	
1	0	0	0	0	510	608	
2	0	0	0	0	517	599	
3	0	0	0	0	521	613	
4	0	0	0	0	511	632	
5	0	0	0	0	492	630	
6	0	0	0	0	497	630	
7	0	0	0	0	505	625	
8	0	0	0	0	512	630	
9	0	0	0	0	513	632	
10	0	0	0	0	515	625	
11	0	0	0	0	516	619	
12	0	0	0	0	502	610	
13	0	0	0	0	502	603	
14	0	0	0	0	502	604	
15	0	0	0	0	502	608	
0	0	0	0	0	499	615	
1	0	0	0	0	504	620	
2	0	0	0	0	504	632	
3	0	0	0	0	507	633	
4	0	0	0	0	508	637	
5	0	0	0	0	504	636	
6	0	0	0	0	507	631	
7	0	0	0	0	507	615	
8	0	0	0	0	506	594	
9	0	0	0	0	489	590	
10	0	0	0	0	499	565	
11	0	0	0	0	480	628	
12	0	0	0	0	496	582	
13	0	0	0	0	514	598	
14	0	0	0	0	521	612	
15	0	0	0	0	524	598	
0	0	0	0	0	518	558	
1	0	0	0	0	519	655	
2	0	0	0	0	516	642	
3	0	0	0	0	515	556	
4	0	0	0	0	515	580	
5	0	0	0	0	514	579	
6	0	0	0	0	515	614	
7	0	0	0	0	513	615	
8	0	0	0	0	512	615	
9	0	0	0	0	514	618	
10	0	0	0	0	516	627	
11	0	0	0	0	511	632	
12	0	0	0	0	510	626	
13	0	0	0	0	512	616	
14	0	0	0	0	511	613	
15	0	0	0	0	512	615	
0	0	0	0	0	508	617	
1	0	0	0	0	512	618	
2	0	0	0	0	513	618	
3	0	0	0	0	511	619	
4	0	0	0	0	511	616	
5	0	0	0	0	511	614	
6	0	0	0	0	512	617	
7	0	0	0	0	512	624	
8	0	0	0	0	511	624	
9	0	0	0	0	509	621	
10	0	0	0	0	514	620	
11	0	0	0	0	511	619	
12	0	0	0	0	510	617	
13	0	0	0	0	510	617	
14	0	0	0	0	512	617	
15	0	0	0	0	511	621	
0	0	0	0	0	510	617	
1	0	0	0	0	511	619	
2	0	0	0	0	512	620	
3	0	0	0	0	512	619	
4	0	0	0	0	512	620	
5	0	0	0	0	511	620	
6	0	0	0	0	509	619	
7	0	0	0	0	511	622	
8	0	0	0	0	511	621	
9	0	0	0	0	510	615	
10	0	0	0	0	512	622	
11	0	0	0	0	510	619	
12	0	0	0	0	509	617	
13	0	0	0	0	512	617	
14	0	0	0	0	510	616	
15	0	0	0	0	506	618	
0	0	0	0	0	514	631	
1	0	0	0	0	510	638	
2	0	0	0	0	504	629	
3	0	0	0	0	512	617	
4	0	0	0	0	511	612	
5	0	0	0	0	513	611	
6	0	0	0	0	510	619	
7	0	0	0	0	507	640	
8	0	0	0	0	509	623	
9	0	0	0	0	512	609	
10	0	0	0	0	512	609	
11	0	0	0	0	509	616	
12	0	0	0	0	512	616	
13	0	0	0	0	509	615	
14	0	0	0	0	511	613	
15	0	0	0	0	512	615	
0	0	0	0	0	509	614	
1	0	0	0	0	512	605	
2	0	0	0	0	510	603	
3	0	0	0	0	509	605	
4	0	0	0	0	508	609	
5	0	0	0	0	506	611	
6	0	0	0	0	512	645	
7	0	0	0	0	510	618	
8	0	0	0	0	512	651	
9	0	0	0	0	509	615	
10	0	0	0	0	511	624	
11	0	0	0	0	509	617	
12	0	0	0	0	508	617	
13	0	0	0	0	512	618	
14	0	0	0	0	510	619	
15	0	0	0	0	512	619	
0	0	0	0	0	508	620	
1	0	0	0	0	508	619	
2	0	0	0	0	511	617	
3	0	0	0	0	510	619	
4	0	0	0	0	508	619	
5	0	0	0	0	510	616	
6	0	0	0	0	511	616	
7	0	0	0	0	512	621	
8	0	0	0	0	510	621	
9	0	0	0	0	512	619	
10	0	0	0	0	512	622	
11	0	0	0	0	508	618	
12	0	0	0	0	510	612	
13	0	0	0	0	511	620	
14	0	0	0	0	510	609	
15	0	0	0	0	512	614	
0	0	0	0	0	508	615	
1	0	0	0	0	512	622	
2	0	0	0	0	511	620	
3	0	0	0	0	511	624	
4	0	0	0	0	512	622	
5	0	0	0	0	509	624	
6	0	0	0	0	508	624	
7	0	0	0	0	511	621	
8	0	0	0	0	512	619	
9	0	0	0	0	509	615	
10	0	0	0	0	509	616	
11	0	0	0	0	509	615	
12	0	0	0	0	511	625	
13	0	0	0	0	507	614	
14	0	0	0	0	510	626	
15	0	0	0	0	509	607	
0	0	0	0	0	510	624	
