# OpenSignals Text File Format
# {"20:16:07:18:23:81": {"sensor": ["EMGBITREV", "ACCBITREV"], "device name": "20:16:07:18:23:81", "column": ["nSeq", "I1", "I2", "O1", "O2", "A1", "A5"], "sync interval": 2, "time": "15:0:24.191", "comments": "", "device connection": "/dev/tty.BITalino-DevB", "channels": [1, 5], "keywords": "", "mode": 0, "digital IO": [0, 0, 1, 1], "firmware version": 1281, "device": "bitalino_rev", "position": 0, "sampling rate": 100, "label": ["A1", "A5"], "resolution": [4, 1, 1, 1, 1, 10, 10], "date": "2018-2-19", "special": [{}, {}]}}
# EndOfHeader
0	0	0	0	0	503	585	
1	0	0	0	0	505	582	
2	0	0	0	0	507	582	
3	0	0	0	0	507	583	
4	0	0	0	0	503	585	
5	0	0	0	0	503	585	
6	0	0	0	0	504	587	
7	0	0	0	0	506	588	
8	0	0	0	0	504	590	
9	0	0	0	0	507	590	
10	0	0	0	0	508	591	
11	0	0	0	0	511	590	
12	0	0	0	0	510	592	
13	0	0	0	0	511	593	
14	0	0	0	0	513	594	
15	0	0	0	0	510	591	
0	0	0	0	0	507	590	
1	0	0	0	0	507	591	
2	0	0	0	0	507	591	
3	0	0	0	0	509	591	
4	0	0	0	0	511	591	
5	0	0	0	0	508	590	
6	0	0	0	0	510	590	
7	0	0	0	0	511	589	
8	0	0	0	0	509	587	
9	0	0	0	0	512	585	
10	0	0	0	0	509	587	
11	0	0	0	0	512	589	
12	0	0	0	0	510	590	
13	0	0	0	0	512	591	
14	0	0	0	0	505	591	
15	0	0	0	0	505	592	
0	0	0	0	0	500	592	
1	0	0	0	0	511	591	
2	0	0	0	0	508	589	
3	0	0	0	0	513	589	
4	0	0	0	0	512	590	
5	0	0	0	0	510	591	
6	0	0	0	0	513	591	
7	0	0	0	0	511	593	
8	0	0	0	0	507	593	
9	0	0	0	0	510	592	
10	0	0	0	0	509	590	
11	0	0	0	0	513	590	
12	0	0	0	0	507	589	
13	0	0	0	0	510	590	
14	0	0	0	0	510	590	
15	0	0	0	0	509	591	
0	0	0	0	0	507	591	
1	0	0	0	0	511	592	
2	0	0	0	0	511	593	
3	0	0	0	0	509	593	
4	0	0	0	0	511	593	
5	0	0	0	0	512	591	
6	0	0	0	0	510	589	
7	0	0	0	0	511	589	
8	0	0	0	0	510	589	
9	0	0	0	0	511	590	
10	0	0	0	0	511	589	
11	0	0	0	0	510	591	
12	0	0	0	0	510	591	
13	0	0	0	0	511	592	
14	0	0	0	0	513	591	
15	0	0	0	0	509	591	
0	0	0	0	0	508	590	
1	0	0	0	0	510	591	
2	0	0	0	0	511	591	
3	0	0	0	0	510	592	
4	0	0	0	0	507	593	
5	0	0	0	0	510	593	
6	0	0	0	0	510	593	
7	0	0	0	0	511	593	
8	0	0	0	0	508	595	
9	0	0	0	0	512	596	
10	0	0	0	0	508	598	
11	0	0	0	0	511	599	
12	0	0	0	0	508	600	
13	0	0	0	0	512	598	
14	0	0	0	0	506	599	
15	0	0	0	0	509	599	
0	0	0	0	0	510	598	
1	0	0	0	0	512	597	
2	0	0	0	0	510	592	
3	0	0	0	0	510	593	
4	0	0	0	0	503	591	
5	0	0	0	0	511	590	
6	0	0	0	0	509	591	
7	0	0	0	0	510	593	
8	0	0	0	0	510	594	
9	0	0	0	0	511	595	
10	0	0	0	0	508	595	
11	0	0	0	0	509	595	
12	0	0	0	0	508	594	
13	0	0	0	0	511	593	
14	0	0	0	0	509	595	
15	0	0	0	0	508	597	
0	0	0	0	0	511	599	
1	0	0	0	0	508	600	
2	0	0	0	0	507	599	
3	0	0	0	0	508	600	
4	0	0	0	0	509	605	
5	0	0	0	0	510	607	
6	0	0	0	0	502	609	
7	0	0	0	0	515	611	
8	0	0	0	0	512	615	
9	0	0	0	0	505	617	
10	0	0	0	0	518	620	
11	0	0	0	0	510	625	
12	0	0	0	0	510	629	
13	0	0	0	0	510	632	
14	0	0	0	0	510	633	
15	0	0	0	0	515	635	
0	0	0	0	0	501	636	
1	0	0	0	0	504	636	
2	0	0	0	0	509	636	
3	0	0	0	0	513	632	
4	0	0	0	0	518	628	
5	0	0	0	0	510	627	
6	0	0	0	0	509	627	
7	0	0	0	0	506	627	
8	0	0	0	0	505	627	
9	0	0	0	0	510	629	
10	0	0	0	0	499	631	
11	0	0	0	0	511	628	
12	0	0	0	0	510	623	
13	0	0	0	0	513	618	
14	0	0	0	0	510	615	
15	0	0	0	0	500	614	
0	0	0	0	0	510	615	
1	0	0	0	0	514	615	
2	0	0	0	0	505	616	
3	0	0	0	0	501	619	
4	0	0	0	0	526	622	
5	0	0	0	0	524	625	
6	0	0	0	0	513	625	
7	0	0	0	0	505	624	
8	0	0	0	0	519	621	
9	0	0	0	0	508	619	
10	0	0	0	0	514	618	
11	0	0	0	0	520	617	
12	0	0	0	0	505	617	
13	0	0	0	0	496	619	
14	0	0	0	0	505	623	
15	0	0	0	0	495	630	
0	0	0	0	0	486	639	
1	0	0	0	0	501	647	
2	0	0	0	0	514	653	
3	0	0	0	0	522	657	
4	0	0	0	0	522	655	
5	0	0	0	0	504	652	
6	0	0	0	0	530	647	
7	0	0	0	0	494	643	
8	0	0	0	0	527	643	
9	0	0	0	0	490	646	
10	0	0	0	0	494	647	
11	0	0	0	0	508	644	
12	0	0	0	0	514	643	
13	0	0	0	0	495	638	
14	0	0	0	0	527	629	
15	0	0	0	0	487	627	
0	0	0	0	0	521	626	
1	0	0	0	0	512	626	
2	0	0	0	0	498	629	
3	0	0	0	0	510	632	
4	0	0	0	0	495	630	
5	0	0	0	0	518	629	
6	0	0	0	0	515	627	
7	0	0	0	0	529	624	
8	0	0	0	0	526	615	
9	0	0	0	0	532	607	
10	0	0	0	0	497	603	
11	0	0	0	0	520	601	
12	0	0	0	0	505	597	
13	0	0	0	0	480	594	
14	0	0	0	0	493	596	
15	0	0	0	0	512	598	
0	0	0	0	0	520	595	
1	0	0	0	0	536	590	
2	0	0	0	0	535	587	
3	0	0	0	0	522	586	
4	0	0	0	0	511	588	
5	0	0	0	0	513	591	
6	0	0	0	0	511	592	
7	0	0	0	0	470	585	
8	0	0	0	0	531	578	
9	0	0	0	0	529	579	
10	0	0	0	0	511	572	
11	0	0	0	0	496	565	
12	0	0	0	0	519	560	
13	0	0	0	0	514	556	
14	0	0	0	0	502	553	
15	0	0	0	0	523	548	
0	0	0	0	0	523	545	
1	0	0	0	0	519	544	
2	0	0	0	0	499	545	
3	0	0	0	0	508	546	
4	0	0	0	0	510	545	
5	0	0	0	0	521	544	
6	0	0	0	0	515	543	
7	0	0	0	0	508	538	
8	0	0	0	0	504	536	
9	0	0	0	0	510	532	
10	0	0	0	0	513	527	
11	0	0	0	0	505	526	
12	0	0	0	0	511	524	
13	0	0	0	0	513	520	
14	0	0	0	0	504	518	
15	0	0	0	0	503	517	
0	0	0	0	0	512	516	
1	0	0	0	0	511	518	
2	0	0	0	0	509	517	
3	0	0	0	0	509	519	
4	0	0	0	0	507	531	
5	0	0	0	0	507	543	
6	0	0	0	0	511	553	
7	0	0	0	0	511	567	
8	0	0	0	0	512	583	
9	0	0	0	0	511	590	
10	0	0	0	0	510	591	
11	0	0	0	0	511	590	
12	0	0	0	0	519	586	
13	0	0	0	0	512	575	
14	0	0	0	0	507	568	
15	0	0	0	0	510	570	
0	0	0	0	0	503	568	
1	0	0	0	0	506	562	
2	0	0	0	0	508	561	
3	0	0	0	0	509	561	
4	0	0	0	0	511	561	
5	0	0	0	0	515	563	
6	0	0	0	0	512	560	
7	0	0	0	0	509	571	
8	0	0	0	0	503	588	
9	0	0	0	0	502	593	
10	0	0	0	0	508	600	
11	0	0	0	0	512	599	
12	0	0	0	0	514	592	
13	0	0	0	0	518	590	
14	0	0	0	0	515	583	
15	0	0	0	0	512	579	
0	0	0	0	0	507	588	
1	0	0	0	0	504	611	
2	0	0	0	0	507	633	
3	0	0	0	0	515	647	
4	0	0	0	0	524	650	
5	0	0	0	0	512	643	
6	0	0	0	0	504	628	
7	0	0	0	0	501	614	
8	0	0	0	0	505	606	
9	0	0	0	0	493	605	
10	0	0	0	0	512	609	
11	0	0	0	0	515	619	
12	0	0	0	0	514	624	
13	0	0	0	0	519	634	
14	0	0	0	0	515	636	
15	0	0	0	0	504	636	
0	0	0	0	0	505	631	
1	0	0	0	0	509	630	
2	0	0	0	0	502	631	
3	0	0	0	0	496	638	
4	0	0	0	0	502	640	
5	0	0	0	0	512	635	
6	0	0	0	0	513	643	
7	0	0	0	0	521	641	
8	0	0	0	0	516	639	
9	0	0	0	0	510	636	
10	0	0	0	0	511	634	
11	0	0	0	0	507	636	
12	0	0	0	0	510	636	
13	0	0	0	0	509	635	
14	0	0	0	0	509	632	
15	0	0	0	0	509	626	
0	0	0	0	0	517	616	
1	0	0	0	0	514	606	
2	0	0	0	0	522	599	
3	0	0	0	0	549	598	
4	0	0	0	0	439	601	
5	0	0	0	0	479	604	
6	0	0	0	0	507	606	
7	0	0	0	0	527	610	
8	0	0	0	0	539	615	
9	0	0	0	0	573	617	
10	0	0	0	0	539	620	
11	0	0	0	0	496	621	
12	0	0	0	0	495	627	
13	0	0	0	0	536	628	
14	0	0	0	0	452	630	
15	0	0	0	0	461	629	
0	0	0	0	0	492	628	
1	0	0	0	0	521	625	
2	0	0	0	0	522	624	
3	0	0	0	0	508	630	
4	0	0	0	0	502	640	
5	0	0	0	0	505	647	
6	0	0	0	0	509	654	
7	0	0	0	0	519	662	
8	0	0	0	0	501	667	
9	0	0	0	0	508	668	
10	0	0	0	0	511	664	
11	0	0	0	0	519	663	
12	0	0	0	0	511	658	
13	0	0	0	0	507	644	
14	0	0	0	0	504	629	
15	0	0	0	0	509	612	
0	0	0	0	0	510	608	
1	0	0	0	0	511	604	
2	0	0	0	0	511	602	
3	0	0	0	0	510	600	
4	0	0	0	0	510	600	
5	0	0	0	0	507	601	
6	0	0	0	0	511	600	
7	0	0	0	0	507	604	
8	0	0	0	0	511	606	
9	0	0	0	0	511	608	
10	0	0	0	0	506	609	
11	0	0	0	0	508	610	
12	0	0	0	0	513	611	
13	0	0	0	0	511	611	
14	0	0	0	0	510	611	
15	0	0	0	0	511	615	
0	0	0	0	0	513	620	
1	0	0	0	0	510	626	
2	0	0	0	0	513	627	
3	0	0	0	0	504	630	
4	0	0	0	0	509	637	
5	0	0	0	0	513	639	
6	0	0	0	0	513	639	
7	0	0	0	0	507	640	
8	0	0	0	0	512	638	
9	0	0	0	0	511	639	
10	0	0	0	0	501	639	
11	0	0	0	0	505	633	
12	0	0	0	0	507	625	
13	0	0	0	0	501	616	
14	0	0	0	0	516	611	
15	0	0	0	0	510	604	
0	0	0	0	0	511	603	
1	0	0	0	0	512	603	
2	0	0	0	0	516	617	
3	0	0	0	0	513	606	
4	0	0	0	0	505	620	
5	0	0	0	0	507	625	
6	0	0	0	0	508	627	
7	0	0	0	0	499	644	
8	0	0	0	0	505	643	
9	0	0	0	0	485	653	
10	0	0	0	0	513	650	
11	0	0	0	0	517	649	
12	0	0	0	0	509	648	
13	0	0	0	0	519	644	
14	0	0	0	0	522	642	
15	0	0	0	0	515	636	
0	0	0	0	0	539	629	
1	0	0	0	0	515	625	
2	0	0	0	0	505	620	
3	0	0	0	0	500	615	
4	0	0	0	0	498	611	
5	0	0	0	0	506	609	
6	0	0	0	0	512	609	
7	0	0	0	0	515	612	
8	0	0	0	0	513	614	
9	0	0	0	0	511	615	
10	0	0	0	0	509	614	
11	0	0	0	0	480	609	
12	0	0	0	0	529	605	
13	0	0	0	0	525	606	
14	0	0	0	0	524	606	
15	0	0	0	0	509	607	
0	0	0	0	0	493	614	
1	0	0	0	0	498	615	
2	0	0	0	0	505	617	
3	0	0	0	0	496	619	
4	0	0	0	0	515	615	
5	0	0	0	0	526	608	
6	0	0	0	0	534	607	
7	0	0	0	0	509	604	
8	0	0	0	0	481	603	
9	0	0	0	0	513	604	
10	0	0	0	0	496	605	
11	0	0	0	0	506	606	
12	0	0	0	0	544	610	
13	0	0	0	0	503	615	
14	0	0	0	0	510	619	
15	0	0	0	0	485	619	
0	0	0	0	0	513	617	
1	0	0	0	0	499	617	
2	0	0	0	0	519	620	
3	0	0	0	0	522	620	
4	0	0	0	0	509	618	
5	0	0	0	0	539	616	
6	0	0	0	0	501	615	
7	0	0	0	0	499	621	
8	0	0	0	0	520	629	
9	0	0	0	0	509	625	
10	0	0	0	0	513	624	
11	0	0	0	0	510	619	
12	0	0	0	0	499	614	
13	0	0	0	0	503	606	
14	0	0	0	0	515	595	
15	0	0	0	0	499	586	
0	0	0	0	0	501	583	
1	0	0	0	0	511	580	
2	0	0	0	0	511	581	
3	0	0	0	0	504	585	
4	0	0	0	0	509	589	
5	0	0	0	0	507	591	
6	0	0	0	0	513	591	
7	0	0	0	0	512	585	
8	0	0	0	0	512	582	
9	0	0	0	0	512	581	
10	0	0	0	0	508	580	
11	0	0	0	0	507	580	
12	0	0	0	0	509	582	
13	0	0	0	0	515	579	
14	0	0	0	0	515	573	
15	0	0	0	0	513	565	
0	0	0	0	0	511	558	
1	0	0	0	0	504	555	
2	0	0	0	0	507	554	
3	0	0	0	0	505	556	
4	0	0	0	0	506	561	
5	0	0	0	0	508	564	
6	0	0	0	0	513	561	
7	0	0	0	0	504	557	
8	0	0	0	0	509	551	
9	0	0	0	0	509	542	
10	0	0	0	0	502	535	
11	0	0	0	0	508	532	
12	0	0	0	0	507	530	
13	0	0	0	0	504	537	
14	0	0	0	0	511	549	
15	0	0	0	0	511	563	
0	0	0	0	0	511	578	
1	0	0	0	0	509	590	
2	0	0	0	0	509	597	
3	0	0	0	0	500	599	
4	0	0	0	0	511	596	
5	0	0	0	0	511	591	
6	0	0	0	0	508	588	
7	0	0	0	0	508	586	
8	0	0	0	0	509	588	
9	0	0	0	0	511	600	
10	0	0	0	0	509	610	
11	0	0	0	0	510	623	
12	0	0	0	0	508	636	
13	0	0	0	0	505	641	
14	0	0	0	0	516	642	
15	0	0	0	0	510	641	
0	0	0	0	0	505	640	
1	0	0	0	0	499	633	
2	0	0	0	0	507	624	
3	0	0	0	0	505	620	
4	0	0	0	0	517	616	
5	0	0	0	0	515	616	
6	0	0	0	0	517	624	
7	0	0	0	0	512	633	
8	0	0	0	0	514	638	
9	0	0	0	0	513	639	
10	0	0	0	0	513	643	
11	0	0	0	0	501	647	
12	0	0	0	0	491	643	
13	0	0	0	0	508	630	
14	0	0	0	0	527	612	
15	0	0	0	0	515	596	
0	0	0	0	0	512	587	
1	0	0	0	0	513	582	
2	0	0	0	0	504	584	
3	0	0	0	0	512	595	
4	0	0	0	0	510	605	
5	0	0	0	0	509	613	
6	0	0	0	0	505	615	
7	0	0	0	0	504	614	
8	0	0	0	0	494	614	
9	0	0	0	0	517	608	
10	0	0	0	0	507	598	
11	0	0	0	0	515	591	
12	0	0	0	0	512	593	
13	0	0	0	0	503	603	
14	0	0	0	0	514	614	
15	0	0	0	0	527	631	
0	0	0	0	0	511	646	
1	0	0	0	0	503	658	
2	0	0	0	0	499	668	
3	0	0	0	0	521	670	
4	0	0	0	0	507	666	
5	0	0	0	0	479	655	
6	0	0	0	0	510	641	
7	0	0	0	0	526	627	
8	0	0	0	0	518	620	
9	0	0	0	0	519	619	
10	0	0	0	0	510	618	
11	0	0	0	0	507	622	
12	0	0	0	0	508	629	
13	0	0	0	0	508	635	
14	0	0	0	0	507	639	
15	0	0	0	0	511	640	
0	0	0	0	0	517	639	
1	0	0	0	0	517	634	
2	0	0	0	0	495	628	
3	0	0	0	0	498	626	
4	0	0	0	0	510	622	
5	0	0	0	0	507	616	
6	0	0	0	0	506	615	
7	0	0	0	0	509	617	
8	0	0	0	0	509	620	
9	0	0	0	0	511	622	
10	0	0	0	0	509	623	
11	0	0	0	0	508	623	
12	0	0	0	0	527	622	
13	0	0	0	0	515	620	
14	0	0	0	0	515	616	
15	0	0	0	0	510	614	
0	0	0	0	0	515	611	
1	0	0	0	0	513	609	
2	0	0	0	0	520	608	
3	0	0	0	0	515	608	
4	0	0	0	0	514	607	
5	0	0	0	0	513	606	
6	0	0	0	0	499	607	
7	0	0	0	0	494	610	
8	0	0	0	0	496	615	
9	0	0	0	0	504	619	
10	0	0	0	0	507	619	
11	0	0	0	0	506	618	
12	0	0	0	0	502	616	
13	0	0	0	0	510	614	
14	0	0	0	0	508	610	
15	0	0	0	0	510	606	
0	0	0	0	0	518	601	
1	0	0	0	0	513	609	
2	0	0	0	0	526	624	
3	0	0	0	0	515	604	
4	0	0	0	0	510	620	
5	0	0	0	0	507	633	
6	0	0	0	0	511	632	
7	0	0	0	0	505	628	
8	0	0	0	0	511	619	
9	0	0	0	0	508	614	
10	0	0	0	0	510	610	
11	0	0	0	0	506	613	
12	0	0	0	0	513	625	
13	0	0	0	0	505	634	
14	0	0	0	0	518	635	
15	0	0	0	0	504	629	
0	0	0	0	0	515	621	
1	0	0	0	0	508	608	
2	0	0	0	0	509	603	
3	0	0	0	0	504	603	
4	0	0	0	0	508	607	
5	0	0	0	0	504	610	
6	0	0	0	0	511	614	
7	0	0	0	0	499	616	
8	0	0	0	0	503	620	
9	0	0	0	0	514	621	
10	0	0	0	0	505	617	
11	0	0	0	0	519	611	
12	0	0	0	0	507	608	
13	0	0	0	0	515	604	
14	0	0	0	0	512	606	
15	0	0	0	0	505	608	
0	0	0	0	0	511	615	
1	0	0	0	0	508	623	
2	0	0	0	0	520	630	
3	0	0	0	0	504	640	
4	0	0	0	0	509	632	
5	0	0	0	0	508	632	
6	0	0	0	0	518	626	
7	0	0	0	0	511	624	
8	0	0	0	0	508	619	
9	0	0	0	0	486	616	
10	0	0	0	0	534	616	
11	0	0	0	0	505	623	
12	0	0	0	0	504	629	
13	0	0	0	0	507	638	
14	0	0	0	0	505	643	
15	0	0	0	0	506	646	
0	0	0	0	0	506	647	
1	0	0	0	0	530	650	
2	0	0	0	0	523	648	
3	0	0	0	0	487	642	
4	0	0	0	0	496	635	
5	0	0	0	0	518	634	
6	0	0	0	0	525	633	
7	0	0	0	0	508	633	
8	0	0	0	0	480	636	
9	0	0	0	0	505	635	
10	0	0	0	0	495	633	
11	0	0	0	0	518	626	
12	0	0	0	0	521	623	
13	0	0	0	0	512	625	
14	0	0	0	0	486	640	
15	0	0	0	0	508	639	
0	0	0	0	0	505	621	
1	0	0	0	0	513	611	
2	0	0	0	0	522	605	
3	0	0	0	0	499	599	
4	0	0	0	0	527	604	
5	0	0	0	0	516	611	
6	0	0	0	0	515	621	
7	0	0	0	0	478	630	
8	0	0	0	0	498	632	
9	0	0	0	0	517	630	
10	0	0	0	0	504	627	
11	0	0	0	0	542	625	
12	0	0	0	0	511	624	
13	0	0	0	0	520	623	
14	0	0	0	0	527	620	
15	0	0	0	0	499	625	
0	0	0	0	0	496	629	
1	0	0	0	0	487	633	
2	0	0	0	0	517	638	
3	0	0	0	0	502	637	
4	0	0	0	0	496	630	
5	0	0	0	0	512	615	
6	0	0	0	0	532	605	
7	0	0	0	0	510	601	
8	0	0	0	0	495	603	
9	0	0	0	0	516	602	
10	0	0	0	0	505	600	
11	0	0	0	0	522	601	
12	0	0	0	0	529	601	
13	0	0	0	0	504	598	
14	0	0	0	0	497	590	
15	0	0	0	0	508	575	
0	0	0	0	0	514	562	
1	0	0	0	0	531	551	
2	0	0	0	0	505	541	
3	0	0	0	0	493	534	
4	0	0	0	0	494	532	
5	0	0	0	0	538	534	
6	0	0	0	0	493	537	
7	0	0	0	0	510	541	
8	0	0	0	0	515	540	
9	0	0	0	0	504	534	
10	0	0	0	0	500	525	
11	0	0	0	0	508	527	
12	0	0	0	0	527	534	
13	0	0	0	0	523	541	
14	0	0	0	0	510	555	
15	0	0	0	0	510	581	
0	0	0	0	0	513	604	
1	0	0	0	0	513	616	
2	0	0	0	0	518	612	
3	0	0	0	0	510	602	
4	0	0	0	0	499	592	
5	0	0	0	0	507	579	
6	0	0	0	0	503	566	
7	0	0	0	0	508	556	
8	0	0	0	0	516	555	
9	0	0	0	0	503	567	
10	0	0	0	0	506	592	
11	0	0	0	0	506	615	
12	0	0	0	0	512	617	
13	0	0	0	0	513	606	
14	0	0	0	0	511	592	
15	0	0	0	0	506	585	
0	0	0	0	0	503	591	
1	0	0	0	0	506	582	
2	0	0	0	0	510	580	
3	0	0	0	0	509	592	
4	0	0	0	0	506	606	
5	0	0	0	0	510	614	
6	0	0	0	0	513	612	
7	0	0	0	0	512	601	
8	0	0	0	0	509	594	
9	0	0	0	0	519	588	
10	0	0	0	0	505	589	
11	0	0	0	0	501	597	
12	0	0	0	0	508	601	
13	0	0	0	0	518	613	
14	0	0	0	0	515	623	
15	0	0	0	0	509	631	
0	0	0	0	0	504	638	
1	0	0	0	0	506	636	
2	0	0	0	0	513	623	
3	0	0	0	0	512	608	
4	0	0	0	0	515	597	
5	0	0	0	0	506	604	
6	0	0	0	0	498	613	
7	0	0	0	0	500	615	
8	0	0	0	0	507	624	
9	0	0	0	0	525	638	
10	0	0	0	0	526	649	
11	0	0	0	0	503	658	
12	0	0	0	0	490	662	
13	0	0	0	0	496	662	
14	0	0	0	0	487	652	
15	0	0	0	0	510	640	
0	0	0	0	0	527	632	
1	0	0	0	0	529	625	
2	0	0	0	0	529	622	
3	0	0	0	0	526	619	
4	0	0	0	0	527	621	
5	0	0	0	0	482	627	
6	0	0	0	0	481	632	
7	0	0	0	0	496	634	
8	0	0	0	0	482	631	
9	0	0	0	0	520	628	
10	0	0	0	0	538	627	
11	0	0	0	0	538	627	
12	0	0	0	0	531	632	
13	0	0	0	0	519	637	
14	0	0	0	0	502	640	
15	0	0	0	0	504	636	
0	0	0	0	0	509	627	
1	0	0	0	0	510	618	
2	0	0	0	0	506	616	
3	0	0	0	0	499	613	
4	0	0	0	0	504	609	
5	0	0	0	0	510	610	
6	0	0	0	0	518	610	
7	0	0	0	0	542	609	
8	0	0	0	0	557	609	
9	0	0	0	0	448	611	
10	0	0	0	0	458	613	
11	0	0	0	0	473	615	
12	0	0	0	0	483	621	
13	0	0	0	0	515	622	
14	0	0	0	0	524	617	
15	0	0	0	0	526	611	
0	0	0	0	0	504	609	
1	0	0	0	0	509	611	
2	0	0	0	0	514	614	
3	0	0	0	0	520	613	
4	0	0	0	0	516	613	
5	0	0	0	0	506	612	
6	0	0	0	0	499	610	
7	0	0	0	0	542	608	
8	0	0	0	0	510	607	
9	0	0	0	0	515	607	
10	0	0	0	0	496	608	
11	0	0	0	0	506	612	
12	0	0	0	0	504	625	
13	0	0	0	0	492	638	
14	0	0	0	0	518	636	
15	0	0	0	0	532	624	
0	0	0	0	0	512	617	
1	0	0	0	0	518	617	
2	0	0	0	0	515	615	
3	0	0	0	0	520	609	
4	0	0	0	0	515	601	
5	0	0	0	0	504	598	
6	0	0	0	0	525	601	
7	0	0	0	0	530	604	
8	0	0	0	0	512	608	
9	0	0	0	0	522	609	
10	0	0	0	0	513	612	
11	0	0	0	0	486	616	
12	0	0	0	0	493	617	
13	0	0	0	0	513	619	
14	0	0	0	0	494	623	
15	0	0	0	0	489	626	
0	0	0	0	0	503	629	
1	0	0	0	0	495	629	
2	0	0	0	0	497	627	
3	0	0	0	0	497	622	
4	0	0	0	0	511	617	
5	0	0	0	0	517	612	
6	0	0	0	0	516	609	
7	0	0	0	0	506	611	
8	0	0	0	0	526	614	
9	0	0	0	0	523	620	
10	0	0	0	0	472	624	
11	0	0	0	0	569	629	
12	0	0	0	0	517	637	
13	0	0	0	0	448	641	
14	0	0	0	0	523	642	
15	0	0	0	0	492	645	
0	0	0	0	0	509	641	
1	0	0	0	0	512	635	
2	0	0	0	0	509	635	
3	0	0	0	0	495	636	
4	0	0	0	0	535	639	
5	0	0	0	0	526	644	
6	0	0	0	0	531	644	
7	0	0	0	0	433	643	
8	0	0	0	0	393	642	
9	0	0	0	0	504	634	
10	0	0	0	0	526	623	
11	0	0	0	0	568	615	
12	0	0	0	0	524	613	
13	0	0	0	0	515	613	
14	0	0	0	0	503	620	
15	0	0	0	0	551	625	
0	0	0	0	0	507	626	
1	0	0	0	0	516	622	
2	0	0	0	0	529	614	
3	0	0	0	0	508	611	
4	0	0	0	0	550	609	
5	0	0	0	0	434	603	
6	0	0	0	0	443	597	
7	0	0	0	0	516	595	
8	0	0	0	0	504	593	
9	0	0	0	0	499	591	
10	0	0	0	0	477	588	
11	0	0	0	0	519	592	
12	0	0	0	0	539	601	
13	0	0	0	0	543	608	
14	0	0	0	0	545	610	
15	0	0	0	0	472	609	
0	0	0	0	0	527	607	
1	0	0	0	0	500	606	
2	0	0	0	0	524	601	
3	0	0	0	0	534	597	
4	0	0	0	0	515	595	
5	0	0	0	0	543	600	
6	0	0	0	0	472	601	
7	0	0	0	0	528	607	
8	0	0	0	0	494	611	
9	0	0	0	0	499	608	
10	0	0	0	0	502	610	
11	0	0	0	0	520	611	
12	0	0	0	0	509	616	
13	0	0	0	0	513	620	
14	0	0	0	0	520	615	
15	0	0	0	0	500	611	
0	0	0	0	0	519	605	
1	0	0	0	0	525	598	
2	0	0	0	0	512	593	
3	0	0	0	0	500	591	
4	0	0	0	0	505	584	
5	0	0	0	0	515	578	
6	0	0	0	0	510	573	
7	0	0	0	0	523	573	
8	0	0	0	0	514	572	
9	0	0	0	0	511	575	
10	0	0	0	0	513	569	
11	0	0	0	0	499	563	
12	0	0	0	0	513	553	
13	0	0	0	0	487	544	
14	0	0	0	0	528	540	
15	0	0	0	0	499	539	
0	0	0	0	0	517	535	
1	0	0	0	0	538	529	
2	0	0	0	0	477	530	
3	0	0	0	0	494	540	
4	0	0	0	0	508	551	
5	0	0	0	0	506	561	
6	0	0	0	0	507	569	
7	0	0	0	0	507	574	
8	0	0	0	0	513	575	
9	0	0	0	0	506	571	
10	0	0	0	0	510	568	
11	0	0	0	0	510	568	
12	0	0	0	0	513	571	
13	0	0	0	0	506	575	
14	0	0	0	0	508	581	
15	0	0	0	0	507	590	
0	0	0	0	0	511	598	
1	0	0	0	0	515	605	
2	0	0	0	0	507	612	
3	0	0	0	0	516	619	
4	0	0	0	0	508	625	
5	0	0	0	0	512	622	
6	0	0	0	0	507	617	
7	0	0	0	0	508	609	
8	0	0	0	0	509	597	
9	0	0	0	0	513	590	
10	0	0	0	0	508	589	
11	0	0	0	0	506	592	
12	0	0	0	0	508	596	
13	0	0	0	0	516	603	
14	0	0	0	0	511	615	
15	0	0	0	0	515	624	
0	0	0	0	0	509	633	
1	0	0	0	0	508	636	
2	0	0	0	0	511	629	
3	0	0	0	0	506	615	
4	0	0	0	0	508	602	
5	0	0	0	0	503	589	
6	0	0	0	0	519	579	
7	0	0	0	0	502	583	
8	0	0	0	0	505	602	
9	0	0	0	0	508	622	
10	0	0	0	0	513	636	
11	0	0	0	0	511	642	
12	0	0	0	0	508	643	
13	0	0	0	0	513	635	
14	0	0	0	0	511	625	
15	0	0	0	0	510	619	
0	0	0	0	0	505	609	
1	0	0	0	0	499	603	
2	0	0	0	0	498	604	
3	0	0	0	0	504	607	
4	0	0	0	0	513	615	
5	0	0	0	0	512	625	
6	0	0	0	0	511	636	
7	0	0	0	0	515	639	
8	0	0	0	0	511	641	
9	0	0	0	0	505	635	
10	0	0	0	0	504	629	
11	0	0	0	0	512	625	
12	0	0	0	0	511	621	
13	0	0	0	0	512	620	
14	0	0	0	0	507	622	
15	0	0	0	0	511	624	
0	0	0	0	0	513	627	
1	0	0	0	0	519	630	
2	0	0	0	0	519	634	
3	0	0	0	0	518	635	
4	0	0	0	0	514	629	
5	0	0	0	0	506	622	
6	0	0	0	0	504	617	
7	0	0	0	0	504	615	
8	0	0	0	0	509	609	
9	0	0	0	0	507	606	
10	0	0	0	0	503	607	
11	0	0	0	0	513	609	
12	0	0	0	0	505	612	
13	0	0	0	0	508	617	
14	0	0	0	0	508	621	
15	0	0	0	0	495	624	
0	0	0	0	0	500	625	
1	0	0	0	0	483	625	
2	0	0	0	0	602	622	
3	0	0	0	0	511	619	
4	0	0	0	0	494	615	
5	0	0	0	0	503	614	
6	0	0	0	0	503	615	
7	0	0	0	0	516	622	
8	0	0	0	0	502	628	
9	0	0	0	0	514	639	
10	0	0	0	0	510	649	
11	0	0	0	0	510	652	
12	0	0	0	0	502	655	
13	0	0	0	0	492	655	
14	0	0	0	0	517	654	
15	0	0	0	0	495	643	
0	0	0	0	0	512	631	
1	0	0	0	0	498	624	
2	0	0	0	0	510	611	
3	0	0	0	0	524	615	
4	0	0	0	0	489	612	
5	0	0	0	0	510	615	
6	0	0	0	0	513	617	
7	0	0	0	0	497	617	
8	0	0	0	0	505	616	
9	0	0	0	0	510	611	
10	0	0	0	0	509	601	
11	0	0	0	0	511	594	
12	0	0	0	0	515	585	
13	0	0	0	0	519	583	
14	0	0	0	0	502	586	
15	0	0	0	0	506	591	
0	0	0	0	0	511	598	
1	0	0	0	0	508	597	
2	0	0	0	0	510	599	
3	0	0	0	0	518	605	
4	0	0	0	0	498	613	
5	0	0	0	0	516	623	
6	0	0	0	0	507	632	
7	0	0	0	0	505	631	
8	0	0	0	0	509	630	
9	0	0	0	0	519	644	
10	0	0	0	0	502	634	
11	0	0	0	0	504	647	
12	0	0	0	0	512	625	
13	0	0	0	0	516	630	
14	0	0	0	0	497	626	
15	0	0	0	0	502	619	
0	0	0	0	0	510	616	
1	0	0	0	0	505	620	
2	0	0	0	0	513	627	
3	0	0	0	0	505	628	
4	0	0	0	0	497	632	
5	0	0	0	0	507	635	
6	0	0	0	0	504	639	
7	0	0	0	0	503	641	
8	0	0	0	0	502	639	
9	0	0	0	0	539	637	
10	0	0	0	0	528	637	
11	0	0	0	0	510	638	
12	0	0	0	0	513	642	
13	0	0	0	0	492	643	
14	0	0	0	0	477	643	
15	0	0	0	0	468	641	
0	0	0	0	0	515	644	
1	0	0	0	0	544	642	
2	0	0	0	0	532	639	
3	0	0	0	0	535	638	
4	0	0	0	0	514	636	
5	0	0	0	0	506	632	
6	0	0	0	0	526	627	
7	0	0	0	0	523	625	
8	0	0	0	0	519	627	
9	0	0	0	0	471	631	
10	0	0	0	0	485	632	
11	0	0	0	0	480	636	
12	0	0	0	0	508	640	
13	0	0	0	0	500	638	
14	0	0	0	0	506	639	
15	0	0	0	0	539	637	
0	0	0	0	0	534	629	
1	0	0	0	0	520	624	
2	0	0	0	0	508	620	
3	0	0	0	0	494	617	
4	0	0	0	0	521	614	
5	0	0	0	0	501	612	
6	0	0	0	0	500	613	
7	0	0	0	0	513	614	
8	0	0	0	0	535	615	
9	0	0	0	0	463	615	
10	0	0	0	0	510	613	
11	0	0	0	0	503	611	
12	0	0	0	0	506	607	
13	0	0	0	0	506	604	
14	0	0	0	0	527	599	
15	0	0	0	0	505	596	
0	0	0	0	0	509	600	
1	0	0	0	0	508	599	
2	0	0	0	0	516	591	
3	0	0	0	0	511	588	
4	0	0	0	0	511	587	
5	0	0	0	0	500	583	
6	0	0	0	0	508	581	
7	0	0	0	0	504	577	
8	0	0	0	0	510	576	
9	0	0	0	0	502	576	
10	0	0	0	0	512	572	
11	0	0	0	0	511	571	
12	0	0	0	0	521	573	
13	0	0	0	0	518	571	
14	0	0	0	0	507	568	
15	0	0	0	0	506	563	
0	0	0	0	0	513	563	
1	0	0	0	0	509	566	
2	0	0	0	0	511	564	
3	0	0	0	0	504	564	
4	0	0	0	0	506	564	
5	0	0	0	0	507	568	
6	0	0	0	0	516	569	
7	0	0	0	0	512	574	
8	0	0	0	0	511	576	
9	0	0	0	0	513	577	
10	0	0	0	0	510	576	
11	0	0	0	0	510	580	
12	0	0	0	0	508	575	
13	0	0	0	0	511	577	
14	0	0	0	0	510	579	
15	0	0	0	0	514	583	
0	0	0	0	0	509	587	
1	0	0	0	0	508	594	
2	0	0	0	0	509	599	
3	0	0	0	0	511	599	
4	0	0	0	0	512	594	
5	0	0	0	0	507	588	
6	0	0	0	0	504	582	
7	0	0	0	0	508	573	
8	0	0	0	0	505	568	
9	0	0	0	0	512	563	
10	0	0	0	0	516	566	
11	0	0	0	0	517	576	
12	0	0	0	0	508	595	
13	0	0	0	0	507	609	
14	0	0	0	0	516	617	
15	0	0	0	0	515	618	
0	0	0	0	0	505	610	
1	0	0	0	0	509	597	
2	0	0	0	0	507	588	
3	0	0	0	0	496	592	
4	0	0	0	0	503	596	
5	0	0	0	0	504	609	
6	0	0	0	0	511	624	
7	0	0	0	0	513	629	
8	0	0	0	0	512	628	
9	0	0	0	0	516	617	
10	0	0	0	0	511	598	
11	0	0	0	0	507	580	
12	0	0	0	0	507	571	
13	0	0	0	0	507	576	
14	0	0	0	0	506	594	
15	0	0	0	0	514	619	
0	0	0	0	0	513	637	
1	0	0	0	0	512	646	
2	0	0	0	0	514	652	
3	0	0	0	0	513	646	
4	0	0	0	0	507	631	
5	0	0	0	0	511	605	
6	0	0	0	0	505	583	
7	0	0	0	0	503	572	
8	0	0	0	0	495	571	
9	0	0	0	0	506	591	
10	0	0	0	0	516	624	
11	0	0	0	0	524	647	
12	0	0	0	0	516	662	
13	0	0	0	0	519	666	
14	0	0	0	0	513	658	
15	0	0	0	0	512	639	
0	0	0	0	0	504	627	
1	0	0	0	0	496	620	
2	0	0	0	0	492	623	
3	0	0	0	0	502	633	
4	0	0	0	0	518	648	
5	0	0	0	0	519	660	
6	0	0	0	0	524	667	
7	0	0	0	0	512	664	
8	0	0	0	0	501	656	
9	0	0	0	0	504	644	
10	0	0	0	0	505	632	
11	0	0	0	0	500	621	
12	0	0	0	0	511	614	
13	0	0	0	0	505	610	
14	0	0	0	0	512	611	
15	0	0	0	0	515	615	
0	0	0	0	0	511	616	
1	0	0	0	0	502	616	
2	0	0	0	0	490	619	
3	0	0	0	0	514	620	
4	0	0	0	0	568	619	
5	0	0	0	0	479	615	
6	0	0	0	0	502	614	
7	0	0	0	0	505	611	
8	0	0	0	0	513	610	
9	0	0	0	0	516	608	
10	0	0	0	0	523	606	
11	0	0	0	0	527	604	
12	0	0	0	0	496	604	
13	0	0	0	0	499	606	
14	0	0	0	0	500	609	
15	0	0	0	0	503	613	
0	0	0	0	0	510	617	
1	0	0	0	0	504	620	
2	0	0	0	0	510	623	
3	0	0	0	0	511	624	
4	0	0	0	0	518	627	
5	0	0	0	0	511	628	
6	0	0	0	0	511	627	
7	0	0	0	0	509	630	
8	0	0	0	0	511	638	
9	0	0	0	0	512	625	
10	0	0	0	0	511	620	
11	0	0	0	0	502	633	
12	0	0	0	0	510	627	
13	0	0	0	0	504	632	
14	0	0	0	0	506	618	
15	0	0	0	0	511	620	
0	0	0	0	0	508	624	
1	0	0	0	0	513	620	
2	0	0	0	0	511	620	
3	0	0	0	0	508	616	
4	0	0	0	0	512	617	
5	0	0	0	0	510	622	
6	0	0	0	0	510	620	
7	0	0	0	0	514	617	
8	0	0	0	0	505	621	
9	0	0	0	0	508	621	
10	0	0	0	0	516	615	
11	0	0	0	0	505	628	
12	0	0	0	0	515	636	
13	0	0	0	0	508	632	
14	0	0	0	0	508	639	
15	0	0	0	0	503	629	
0	0	0	0	0	508	633	
1	0	0	0	0	515	639	
2	0	0	0	0	516	632	
3	0	0	0	0	509	624	
4	0	0	0	0	504	623	
5	0	0	0	0	507	624	
6	0	0	0	0	511	626	
7	0	0	0	0	511	629	
8	0	0	0	0	509	632	
9	0	0	0	0	492	631	
10	0	0	0	0	515	629	
11	0	0	0	0	504	626	
12	0	0	0	0	496	626	
13	0	0	0	0	516	623	
14	0	0	0	0	521	620	
15	0	0	0	0	518	617	
0	0	0	0	0	522	618	
1	0	0	0	0	492	615	
2	0	0	0	0	483	620	
3	0	0	0	0	529	625	
4	0	0	0	0	499	630	
5	0	0	0	0	536	633	
6	0	0	0	0	510	636	
7	0	0	0	0	517	640	
8	0	0	0	0	519	642	
9	0	0	0	0	508	638	
10	0	0	0	0	545	629	
11	0	0	0	0	528	624	
12	0	0	0	0	524	617	
13	0	0	0	0	513	611	
14	0	0	0	0	473	605	
15	0	0	0	0	433	608	
0	0	0	0	0	502	610	
1	0	0	0	0	500	619	
2	0	0	0	0	544	626	
3	0	0	0	0	514	637	
4	0	0	0	0	502	647	
5	0	0	0	0	534	648	
6	0	0	0	0	492	645	
7	0	0	0	0	501	644	
8	0	0	0	0	518	643	
9	0	0	0	0	515	641	
10	0	0	0	0	521	638	
11	0	0	0	0	512	632	
12	0	0	0	0	481	628	
13	0	0	0	0	514	627	
14	0	0	0	0	504	622	
15	0	0	0	0	516	621	
0	0	0	0	0	518	622	
1	0	0	0	0	509	616	
2	0	0	0	0	504	612	
3	0	0	0	0	495	613	
4	0	0	0	0	525	606	
5	0	0	0	0	501	600	
6	0	0	0	0	508	603	
7	0	0	0	0	484	601	
8	0	0	0	0	515	602	
9	0	0	0	0	510	602	
10	0	0	0	0	519	606	
11	0	0	0	0	508	607	
12	0	0	0	0	514	604	
13	0	0	0	0	504	600	
14	0	0	0	0	535	595	
15	0	0	0	0	502	586	
0	0	0	0	0	482	583	
1	0	0	0	0	514	579	
2	0	0	0	0	515	575	
3	0	0	0	0	506	576	
4	0	0	0	0	523	575	
5	0	0	0	0	511	567	
6	0	0	0	0	507	559	
7	0	0	0	0	505	555	
8	0	0	0	0	514	551	
9	0	0	0	0	519	543	
10	0	0	0	0	510	543	
11	0	0	0	0	519	553	
12	0	0	0	0	513	560	
13	0	0	0	0	504	563	
14	0	0	0	0	510	565	
15	0	0	0	0	512	565	
0	0	0	0	0	520	563	
1	0	0	0	0	513	559	
2	0	0	0	0	510	553	
3	0	0	0	0	504	544	
4	0	0	0	0	508	537	
5	0	0	0	0	503	534	
6	0	0	0	0	509	537	
7	0	0	0	0	512	542	
8	0	0	0	0	504	547	
9	0	0	0	0	509	553	
10	0	0	0	0	506	565	
11	0	0	0	0	509	574	
12	0	0	0	0	508	578	
13	0	0	0	0	516	580	
14	0	0	0	0	504	580	
15	0	0	0	0	510	576	
0	0	0	0	0	512	575	
1	0	0	0	0	506	581	
2	0	0	0	0	514	584	
3	0	0	0	0	510	583	
4	0	0	0	0	510	588	
5	0	0	0	0	511	601	
6	0	0	0	0	510	611	
7	0	0	0	0	508	611	
8	0	0	0	0	513	606	
9	0	0	0	0	513	599	
10	0	0	0	0	511	584	
11	0	0	0	0	507	566	
12	0	0	0	0	505	575	
13	0	0	0	0	509	597	
14	0	0	0	0	511	610	
15	0	0	0	0	508	622	
0	0	0	0	0	510	633	
1	0	0	0	0	509	643	
2	0	0	0	0	515	641	
3	0	0	0	0	509	631	
4	0	0	0	0	510	619	
5	0	0	0	0	505	613	
6	0	0	0	0	508	607	
7	0	0	0	0	513	609	
8	0	0	0	0	512	617	
9	0	0	0	0	514	624	
10	0	0	0	0	513	630	
11	0	0	0	0	522	632	
12	0	0	0	0	501	632	
13	0	0	0	0	499	635	
14	0	0	0	0	504	633	
15	0	0	0	0	504	643	
0	0	0	0	0	501	654	
1	0	0	0	0	507	658	
2	0	0	0	0	514	653	
3	0	0	0	0	511	644	
4	0	0	0	0	516	638	
5	0	0	0	0	512	632	
6	0	0	0	0	520	628	
7	0	0	0	0	510	627	
8	0	0	0	0	521	636	
9	0	0	0	0	534	655	
10	0	0	0	0	478	663	
11	0	0	0	0	494	661	
12	0	0	0	0	517	653	
13	0	0	0	0	511	642	
14	0	0	0	0	499	629	
15	0	0	0	0	494	620	
0	0	0	0	0	511	615	
1	0	0	0	0	499	610	
2	0	0	0	0	514	608	
3	0	0	0	0	504	609	
4	0	0	0	0	499	611	
5	0	0	0	0	510	617	
6	0	0	0	0	515	625	
7	0	0	0	0	514	622	
8	0	0	0	0	520	616	
9	0	0	0	0	556	611	
10	0	0	0	0	576	601	
11	0	0	0	0	501	594	
12	0	0	0	0	448	589	
13	0	0	0	0	486	590	
14	0	0	0	0	500	592	
15	0	0	0	0	503	598	
0	0	0	0	0	505	601	
1	0	0	0	0	515	604	
2	0	0	0	0	509	605	
3	0	0	0	0	510	606	
4	0	0	0	0	512	606	
5	0	0	0	0	508	605	
6	0	0	0	0	507	606	
7	0	0	0	0	510	611	
8	0	0	0	0	499	618	
9	0	0	0	0	504	625	
10	0	0	0	0	506	633	
11	0	0	0	0	500	639	
12	0	0	0	0	525	643	
13	0	0	0	0	526	641	
14	0	0	0	0	470	650	
15	0	0	0	0	503	659	
0	0	0	0	0	516	655	
1	0	0	0	0	492	658	
2	0	0	0	0	533	656	
3	0	0	0	0	511	652	
4	0	0	0	0	518	647	
5	0	0	0	0	504	641	
6	0	0	0	0	504	636	
7	0	0	0	0	503	628	
8	0	0	0	0	516	622	
9	0	0	0	0	512	614	
10	0	0	0	0	511	607	
11	0	0	0	0	515	601	
12	0	0	0	0	516	600	
13	0	0	0	0	512	599	
14	0	0	0	0	511	598	
15	0	0	0	0	508	598	
0	0	0	0	0	510	598	
1	0	0	0	0	510	597	
2	0	0	0	0	520	601	
3	0	0	0	0	502	608	
4	0	0	0	0	511	616	
5	0	0	0	0	510	627	
6	0	0	0	0	508	637	
7	0	0	0	0	505	645	
8	0	0	0	0	521	648	
9	0	0	0	0	504	648	
10	0	0	0	0	521	644	
11	0	0	0	0	511	639	
12	0	0	0	0	503	636	
13	0	0	0	0	509	631	
14	0	0	0	0	509	629	
15	0	0	0	0	498	630	
0	0	0	0	0	500	635	
1	0	0	0	0	510	639	
2	0	0	0	0	504	645	
3	0	0	0	0	507	647	
4	0	0	0	0	510	644	
5	0	0	0	0	495	641	
6	0	0	0	0	514	639	
7	0	0	0	0	501	637	
8	0	0	0	0	521	634	
9	0	0	0	0	517	631	
10	0	0	0	0	518	630	
11	0	0	0	0	506	631	
12	0	0	0	0	504	634	
13	0	0	0	0	526	641	
14	0	0	0	0	503	648	
15	0	0	0	0	510	654	
0	0	0	0	0	515	654	
1	0	0	0	0	487	651	
2	0	0	0	0	477	644	
3	0	0	0	0	510	638	
4	0	0	0	0	530	634	
5	0	0	0	0	526	631	
6	0	0	0	0	532	627	
7	0	0	0	0	521	625	
8	0	0	0	0	544	625	
9	0	0	0	0	507	625	
10	0	0	0	0	516	628	
11	0	0	0	0	485	631	
12	0	0	0	0	478	634	
13	0	0	0	0	493	632	
14	0	0	0	0	503	630	
15	0	0	0	0	501	625	
0	0	0	0	0	537	616	
1	0	0	0	0	519	610	
2	0	0	0	0	510	615	
3	0	0	0	0	505	622	
4	0	0	0	0	528	624	
5	0	0	0	0	530	632	
6	0	0	0	0	527	631	
7	0	0	0	0	506	630	
8	0	0	0	0	502	632	
9	0	0	0	0	496	626	
10	0	0	0	0	515	618	
11	0	0	0	0	496	613	
12	0	0	0	0	517	606	
13	0	0	0	0	497	600	
14	0	0	0	0	511	594	
15	0	0	0	0	515	590	
0	0	0	0	0	507	584	
1	0	0	0	0	506	587	
2	0	0	0	0	522	590	
3	0	0	0	0	472	592	
4	0	0	0	0	511	592	
5	0	0	0	0	509	594	
6	0	0	0	0	473	604	
7	0	0	0	0	575	609	
8	0	0	0	0	481	595	
9	0	0	0	0	510	583	
10	0	0	0	0	496	571	
11	0	0	0	0	519	560	
12	0	0	0	0	524	550	
13	0	0	0	0	507	545	
14	0	0	0	0	513	546	
15	0	0	0	0	483	547	
0	0	0	0	0	488	551	
1	0	0	0	0	497	555	
2	0	0	0	0	522	553	
3	0	0	0	0	508	547	
4	0	0	0	0	512	545	
5	0	0	0	0	518	542	
6	0	0	0	0	494	537	
7	0	0	0	0	487	537	
8	0	0	0	0	512	539	
9	0	0	0	0	505	540	
10	0	0	0	0	508	539	
11	0	0	0	0	507	541	
12	0	0	0	0	511	544	
13	0	0	0	0	507	549	
14	0	0	0	0	492	552	
15	0	0	0	0	508	553	
0	0	0	0	0	508	558	
1	0	0	0	0	506	566	
2	0	0	0	0	523	572	
3	0	0	0	0	505	575	
4	0	0	0	0	512	580	
5	0	0	0	0	507	583	
6	0	0	0	0	498	583	
7	0	0	0	0	517	587	
8	0	0	0	0	519	589	
9	0	0	0	0	511	597	
10	0	0	0	0	512	606	
11	0	0	0	0	513	608	
12	0	0	0	0	502	608	
13	0	0	0	0	507	605	
14	0	0	0	0	516	595	
15	0	0	0	0	519	583	
0	0	0	0	0	499	571	
1	0	0	0	0	505	558	
2	0	0	0	0	507	557	
3	0	0	0	0	506	563	
4	0	0	0	0	509	573	
5	0	0	0	0	508	589	
6	0	0	0	0	507	608	
7	0	0	0	0	507	620	
8	0	0	0	0	516	626	
9	0	0	0	0	513	625	
10	0	0	0	0	513	619	
11	0	0	0	0	504	606	
12	0	0	0	0	506	593	
13	0	0	0	0	506	586	
14	0	0	0	0	510	585	
15	0	0	0	0	507	593	
0	0	0	0	0	509	612	
1	0	0	0	0	512	632	
2	0	0	0	0	513	647	
3	0	0	0	0	519	656	
4	0	0	0	0	519	660	
5	0	0	0	0	511	654	
6	0	0	0	0	508	632	
7	0	0	0	0	510	608	
8	0	0	0	0	502	591	
9	0	0	0	0	509	583	
10	0	0	0	0	507	585	
11	0	0	0	0	508	599	
12	0	0	0	0	508	615	
13	0	0	0	0	515	630	
14	0	0	0	0	510	639	
15	0	0	0	0	507	644	
0	0	0	0	0	502	635	
1	0	0	0	0	502	622	
2	0	0	0	0	506	613	
3	0	0	0	0	495	599	
4	0	0	0	0	511	586	
5	0	0	0	0	517	581	
6	0	0	0	0	513	590	
7	0	0	0	0	515	611	
8	0	0	0	0	521	627	
9	0	0	0	0	513	639	
10	0	0	0	0	514	650	
11	0	0	0	0	516	650	
12	0	0	0	0	527	641	
13	0	0	0	0	517	628	
14	0	0	0	0	538	618	
15	0	0	0	0	512	617	
0	0	0	0	0	505	620	
1	0	0	0	0	481	620	
2	0	0	0	0	478	621	
3	0	0	0	0	516	620	
4	0	0	0	0	507	618	
5	0	0	0	0	504	618	
6	0	0	0	0	504	623	
7	0	0	0	0	504	628	
8	0	0	0	0	512	627	
9	0	0	0	0	512	622	
10	0	0	0	0	514	611	
11	0	0	0	0	502	604	
12	0	0	0	0	496	600	
13	0	0	0	0	512	594	
14	0	0	0	0	513	596	
15	0	0	0	0	509	607	
0	0	0	0	0	512	619	
1	0	0	0	0	512	625	
2	0	0	0	0	511	632	
3	0	0	0	0	511	631	
4	0	0	0	0	508	627	
5	0	0	0	0	507	624	
6	0	0	0	0	512	621	
7	0	0	0	0	508	619	
8	0	0	0	0	511	618	
9	0	0	0	0	522	617	
10	0	0	0	0	503	617	
11	0	0	0	0	514	617	
12	0	0	0	0	514	619	
13	0	0	0	0	524	622	
14	0	0	0	0	509	624	
15	0	0	0	0	527	626	
0	0	0	0	0	524	628	
1	0	0	0	0	510	632	
2	0	0	0	0	498	636	
3	0	0	0	0	504	640	
4	0	0	0	0	490	641	
5	0	0	0	0	505	636	
6	0	0	0	0	512	628	
7	0	0	0	0	509	611	
8	0	0	0	0	535	585	
9	0	0	0	0	515	564	
10	0	0	0	0	505	561	
11	0	0	0	0	505	562	
12	0	0	0	0	506	584	
13	0	0	0	0	504	569	
14	0	0	0	0	504	588	
15	0	0	0	0	508	614	
0	0	0	0	0	492	631	
1	0	0	0	0	512	643	
2	0	0	0	0	510	648	
3	0	0	0	0	516	644	
4	0	0	0	0	511	641	
5	0	0	0	0	516	633	
6	0	0	0	0	515	620	
7	0	0	0	0	513	609	
8	0	0	0	0	513	600	
9	0	0	0	0	502	591	
10	0	0	0	0	500	583	
11	0	0	0	0	506	581	
12	0	0	0	0	504	581	
13	0	0	0	0	505	584	
14	0	0	0	0	509	588	
15	0	0	0	0	509	591	
0	0	0	0	0	511	592	
1	0	0	0	0	512	591	
2	0	0	0	0	509	590	
3	0	0	0	0	510	588	
4	0	0	0	0	512	583	
5	0	0	0	0	512	580	
6	0	0	0	0	512	578	
7	0	0	0	0	511	574	
8	0	0	0	0	512	572	
9	0	0	0	0	494	568	
10	0	0	0	0	518	566	
11	0	0	0	0	515	571	
12	0	0	0	0	510	580	
13	0	0	0	0	512	585	
14	0	0	0	0	511	591	
15	0	0	0	0	509	600	
0	0	0	0	0	509	607	
1	0	0	0	0	512	612	
2	0	0	0	0	503	614	
3	0	0	0	0	505	615	
4	0	0	0	0	509	610	
5	0	0	0	0	512	617	
6	0	0	0	0	520	611	
7	0	0	0	0	503	612	
8	0	0	0	0	503	613	
9	0	0	0	0	506	613	
10	0	0	0	0	514	613	
11	0	0	0	0	516	612	
12	0	0	0	0	514	614	
13	0	0	0	0	511	616	
14	0	0	0	0	517	617	
15	0	0	0	0	497	618	
0	0	0	0	0	515	620	
1	0	0	0	0	502	621	
2	0	0	0	0	515	622	
3	0	0	0	0	509	620	
4	0	0	0	0	512	616	
5	0	0	0	0	511	613	
6	0	0	0	0	513	609	
7	0	0	0	0	507	609	
8	0	0	0	0	516	615	
9	0	0	0	0	521	618	
10	0	0	0	0	519	621	
11	0	0	0	0	527	621	
12	0	0	0	0	533	620	
13	0	0	0	0	495	617	
14	0	0	0	0	459	614	
15	0	0	0	0	487	614	
0	0	0	0	0	501	614	
1	0	0	0	0	507	613	
2	0	0	0	0	511	613	
3	0	0	0	0	524	614	
